Total of 228 directories 
     key    d_min cc_perfect cc_st_square    skew       e
1vjn/w1/  2.00   0.361  -1.000   0.012   1.040
1vjn/w2/  3.00   0.476   0.409   0.045   0.536
1vjn/w3/  3.00   0.672   0.774   0.155   0.140
1vjr/w1/  2.40   0.470   0.382   0.074   0.636
1vjr/w2/  2.50   0.317   0.181   0.030   0.795
1vjr/w3/  2.50   0.046   0.033  -0.009   0.978
1vjz/w1/  2.05   0.055  -1.000  -0.012   1.007
1vjz/w2/  2.50   0.391  -1.000   0.025   0.749
1vjz/w3/  2.50   0.407  -1.000   0.025   0.711
1vk4/w1/  1.91   0.635   0.537   0.160   0.495
1vk4/w2/  2.00   0.684   0.636   0.185   0.453
1vk4/w3/  2.00   0.684   0.636   0.185   0.453
1vkm/w1/  2.18   0.057   0.012  -0.000   0.938
1vkm/w2/  2.18   0.349   0.263  -0.000   0.781
1vkm/w3/  2.18   0.482   0.477   0.041   0.607
1vlm/w1/  2.20   0.031  -0.058   0.000   1.027
1vlm/w2/  2.20   0.195   0.043   0.007   0.914
1vlm/w3/  2.79   0.268   0.150   0.005   0.856
1vqr/w1/  2.25   0.417  -1.000   0.043   0.657
1xri/w1/  3.49   0.524  -1.000   0.028   0.576
1y7e/w1/  3.20   0.527  -1.000   0.026   0.751
1z82/w1/  2.00   0.284   0.192   0.014   0.923
1z82/w2/  2.00   0.425   0.444   0.080   0.655
1zy9/w1/  2.34   0.130  -0.066  -0.004   0.984
1zy9/w2/  2.37   0.152  -0.037   0.006   0.991
1zy9/w3/  2.99   0.217   0.059   0.012   0.969
1zyb/w1/  2.10   0.177   0.045  -0.008   0.979
1zyb/w2/  2.10   0.266   0.132   0.007   0.905
2a2o/w1/  2.16   0.492   0.261   0.011   0.664
2a2o/w2/  2.16   0.309   0.031  -0.002   0.874
2a3n/w1/  1.23   0.620   0.405   0.143   0.659
2a3n/w2/  1.34   0.784   0.665   0.192   0.515
2a3n/w3/  1.23   0.670   0.554   0.147   0.588
2a6b/w1/  1.70   0.082  -0.114   0.005   0.952
2a6b/w2/  2.11   0.110   0.031   0.016   0.960
2a6b/w3/  2.11   0.174   0.083   0.003   0.914
2a6b/w4/  2.11   0.108   0.031   0.007   0.989
2aj2/w1/  3.21   0.572  -1.000   0.038   0.351
2aml/w1/  1.50   0.404   0.189   0.031   0.818
2aml/w2/  1.50   0.625   0.512   0.138   0.616
2avn/w1/  2.35   0.306   0.153   0.006   0.791
2avn/w2/  2.44   0.210   0.239   0.035   0.745
2avn/w3/  2.44   0.213   0.215   0.019   0.760
2b8m/w1/  1.70   0.391   0.343   0.025   0.812
2b8m/w2/  1.80   0.214   0.101  -0.002   0.961
2b8m/w3/  1.80   0.053   0.023   0.015   1.016
2etd/w1/  2.28   0.066  -1.000  -0.029   0.919
2etd/w2/  2.28   0.340  -1.000   0.044   0.943
2etd/w3/  2.29   0.404  -1.000   0.045   0.856
2etj/w1/  1.74   0.371   0.282   0.026   0.688
2etj/w2/  1.74   0.060  -0.119   0.005   0.997
2ets/w1/  2.25   0.426   0.353   0.047   0.589
2etv/w1/  1.70   0.178   0.054   0.003   0.973
2etv/w2/  1.70   0.220   0.090   0.012   0.949
2evr/w1/  1.60   0.045  -0.037   0.001   0.844
2evr/w2/  1.60   0.318   0.150   0.015   0.965
2f4p/w1/  1.90   0.026  -0.056  -0.009   0.922
2f4p/w2/  1.90   0.250   0.071  -0.005   0.822
2fea/w1/  2.00   0.161   0.019   0.019   0.998
2fea/w2/  2.00   0.352   0.218   0.043   0.801
2ffj/w1/  2.45   0.296   0.139   0.016   0.817
2ffj/w2/  2.66   0.231   0.117   0.008   0.803
2ffj/w3/  2.45   0.192   0.036  -0.003   0.940
2fg0/w1/  1.79   0.041  -0.043  -0.009   1.005
2fg0/w2/  1.79   0.236   0.106   0.016   0.987
2fg9/w1/  2.20   0.521   0.478   0.017   0.539
2fg9/w2/  2.20   0.633   0.707   0.027   0.314
2fg9/w3/  2.20   0.175   0.163   0.022   0.843
2fna/w1/  2.00   0.251   0.154   0.002   0.972
2fna/w2/  2.00   0.175   0.075   0.013   1.009
2fqp/w1/  1.80   0.141   0.050   0.022   0.930
2fqp/w2/  1.80   0.342   0.178   0.038   0.799
2fur/w1/  1.80   0.288   0.088  -0.006   0.940
2fur/w2/  1.80   0.049  -0.090  -0.005   1.013
2fur/w3/  1.90   0.326   0.194   0.025   0.862
2fzt/w1/  2.05   0.280  -1.000   0.017   0.952
2fzt/w2/  2.05   0.045  -1.000  -0.019   0.896
2g0t/w1/  2.67   0.260   0.139   0.002   0.835
2g0t/w2/  2.82   0.103  -0.010   0.031   0.926
2g0t/w3/  2.74   0.139   0.062   0.004   0.870
2g42/w1/  2.28   0.302   0.333   0.046   0.803
2gc9/w1/  1.70   0.236   0.087   0.025   0.987
2gc9/w2/  1.70   0.255   0.129   0.003   0.925
2nlv/w1/  1.30   0.071  -0.032  -0.010   0.996
2nlv/w2/  1.30   0.508   0.403   0.056   0.676
2nlv/w3/  1.33   0.472   0.305   0.067   0.695
2nuj/w1/  2.00   0.427   0.254   0.024   0.744
2nwv/w1/  1.85   0.206   0.065   0.004   0.913
2nwv/w2/  1.90   0.194   0.066  -0.004   0.920
2nwv/w3/  1.95   0.006  -0.011  -0.009   0.981
2o08/w1/  1.90   0.049   0.002  -0.005   0.993
2o08/w2/  2.47   0.257   0.180   0.006   0.853
2o08/w3/  2.47   0.368   0.387   0.060   0.727
2o08/w4/  2.46   0.290   0.238   0.018   0.834
2o1q/w1/  1.50   0.175   0.052   0.021   0.867
2o1q/w2/  2.00   0.326   0.169   0.018   0.844
2o1q/w3/  2.00   0.410   0.284   0.019   0.762
2o1q/w4/  2.00   0.341   0.176   0.011   0.822
2o2x/w1/  1.50   0.486   0.315   0.068   0.783
2o2x/w2/  1.50   0.497   0.350   0.080   0.802
2o2z/w1/  2.60   0.385   0.219   0.020   0.768
2o3l/w1/  2.05   0.605   0.603   0.064   0.468
2o3l/w2/  2.00   0.410   0.281   0.029   0.757
2o3l/w3/  2.00   0.506   0.365   0.065   0.630
2o62/w1/  1.75   0.276   0.119   0.039   0.970
2o7t/w1/  2.10   0.286   0.134   0.010   0.888
2o7t/w2/  2.10   0.372   0.170   0.035   0.795
2o8q/w1/  1.55   0.311   0.140   0.041   0.859
2o8q/w2/  2.48   0.353   0.287   0.006   0.709
2o8q/w3/  2.48   0.350   0.282   0.012   0.714
2o8q/w4/  2.48   0.278   0.193   0.012   0.829
2obp/w1/  1.70   0.459   0.259   0.041   0.693
2obp/w2/  1.70   0.508   0.327   0.045   0.658
2obp/w3/  1.70   0.593   0.448   0.060   0.568
2oc5/w1/  1.68   0.473   0.283   0.047   0.789
2oc5/w2/  1.68   0.604   0.483   0.073   0.588
2oc5/w3/  1.68   0.658   0.555   0.093   0.507
2od5/w1/  1.79   0.274   0.104   0.010   0.849
2od5/w2/  1.85   0.282   0.128   0.013   0.812
2od6/w1/  1.85   0.449   0.367   0.028   0.647
2od6/w2/  1.90   0.528   0.498   0.039   0.510
2od6/w3/  1.90   0.434   0.326   0.026   0.648
2oh3/w1/  2.00   0.351   0.258   0.015   0.760
2oh3/w2/  2.00   0.375   0.291   0.013   0.726
2okc/w1/  2.20   0.298   0.199   0.015   0.824
2okc/w2/  2.21   0.394   0.331   0.023   0.702
2okc/w3/  2.21   0.290   0.181   0.008   0.853
2okf/w1/  1.60   0.324   0.142   0.014   0.952
2okf/w2/  1.60   0.371   0.200   0.032   1.000
2okf/w3/  1.60   0.463   0.292   0.028   0.791
2ooj/w1/  1.84   0.461   0.356   0.013   0.644
2opk/w1/  2.10   0.202   0.051  -0.001   0.947
2opk/w2/  2.10   0.259   0.107  -0.013   0.903
2opk/w3/  2.10   0.225   0.062   0.012   0.924
2osd/w1/  2.30   0.323   0.283   0.022   0.720
2osd/w2/  2.30   0.344   0.389   0.050   0.619
2osd/w3/  2.30   0.302   0.288   0.015   0.751
2otm/w1/  1.85   0.266   0.077   0.021   0.892
2otm/w2/  1.85   0.252   0.076   0.015   0.907
2otm/w3/  1.90   0.319   0.151   0.025   0.833
2ozg/w1/  2.00   0.273   0.099   0.020   0.874
2ozg/w2/  2.05   0.130  -0.013   0.024   0.972
2ozg/w3/  2.05   0.378   0.189   0.045   0.804
2ozj/w1/  1.60   0.478   0.414   0.058   0.635
2ozj/w2/  1.60   0.285   0.142   0.009   0.857
2ozj/w3/  1.60   0.317   0.203   0.032   0.800
2p10/w1/  2.15   0.263   0.198   0.009   0.818
2p10/w2/  2.15   0.114   0.044   0.003   0.931
2p4o/w1/  1.90   0.310   0.138   0.012   0.843
2p4o/w2/  1.95   0.432   0.299   0.048   0.716
2p4o/w3/  1.90   0.303   0.127   0.021   0.861
2p7h/w1/  1.85   0.337   0.138   0.026   0.847
2p7i/w1/  1.74   0.322   0.137   0.007   0.839
2p7i/w2/  1.79   0.381   0.210   0.043   0.773
2p97/w1/  1.65   0.474   0.315   0.042   0.675
2p97/w2/  1.65   0.317   0.174   0.017   0.807
2p97/w3/  1.65   0.286   0.137   0.002   0.833
2p97/w4/  1.65   0.390   0.265   0.053   0.741
2pg3/w1/  2.40   0.473   0.391   0.067   0.587
2pg4/w1/  2.21   0.185   0.103  -0.009   0.951
2pg4/w2/  2.21   0.272   0.226  -0.013   0.843
2pgc/w1/  2.53   0.282   0.183   0.008   0.882
2pgc/w2/  2.60   0.269   0.143   0.015   0.862
2pim/w1/  2.20   0.406   0.284   0.018   0.709
2pim/w2/  2.20   0.530   0.503   0.047   0.531
2pn1/w1/  2.00   0.217   0.160   0.011   0.920
2pn1/w2/  2.00   0.315   0.291   0.031   0.819
2pnk/w1/  2.00   0.295   0.212   0.006   0.852
2pnk/w2/  2.00   0.331   0.276   0.006   0.796
2ppv/w1/  2.00   0.196   0.023   0.005   0.968
2ppv/w2/  2.11   0.198   0.025   0.012   0.982
2pr1/w1/  3.20   0.502  -1.000   0.018   0.490
2pr7/w1/  1.44   0.286  -1.000   0.014   0.993
2pr7/w2/  1.55   0.247  -1.000  -0.012   1.033
2prv/w1/  1.30   0.341   0.165   0.018   0.880
2prv/w2/  1.30   0.253   0.139   0.006   0.903
2prv/w3/  1.37   0.368   0.213   0.011   0.780
2pv4/w1/  1.95   0.479   0.334   0.040   0.658
2pv4/w2/  1.95   0.618   0.533   0.101   0.437
2pv4/w3/  1.95   0.642   0.563   0.081   0.427
2pw4/w1/  1.45   0.340   0.329   0.019   0.820
2pw4/w2/  1.45   0.331   0.287   0.025   0.846
2pw4/w3/  1.45   0.374   0.381   0.041   0.767
2wcd/w1/  3.29   0.080  -1.000   0.018   0.801
2xdd/w1/  3.20   0.071  -1.000   0.077   0.579
2zxh/w1/  3.20   0.301  -1.000   0.017   0.721
3caz/w1/  3.34   0.317  -1.000   0.020   0.845
3din/w1/  4.50   0.045  -1.000  -0.002   0.972
3dto/w1/  3.32   0.272  -1.000   0.000   0.587
3fx0/w1/  3.29   0.346  -1.000   0.013   0.307
3guw/w1/  3.20   0.240  -1.000   0.022   0.619
3gw7/w1/  3.30   0.223  -1.000   0.029   0.611
3hxk/w1/  3.20   0.183  -1.000  -0.005   0.568
3hxp/w1/  3.20   0.423  -1.000   0.069   0.441
3lml/w1/  3.30   0.487  -1.000   0.043   0.452
3mv3/w1/  3.25   0.375  -1.000   0.052   0.817
3ov0/w1/  3.20   0.424  -1.000   0.011   0.500
3pg5/w1/  3.30   0.368  -1.000   0.012   0.637
3zgx/w1/  3.40   0.319  -1.000   0.003   0.594
3zxu/w1/  3.80   0.317  -1.000   0.028   0.486
4acb/w1/  3.34   0.390  -1.000   0.029   0.568
4asn/w1/  3.50   0.526  -1.000   0.059   0.401
4bql/w1/  3.34   0.274  -1.000   0.015   0.648
4cb0/w1/  3.30   0.481  -1.000   0.014   0.337
4cbv/w1/  3.40   0.261  -1.000   0.003   0.835
4fsx/w1/  3.20   0.324  -1.000   0.051   0.659
4g9i/w1/  4.50   0.347  -1.000   0.011   0.709
4gkw/w1/  3.30   0.304  -1.000   0.025   0.603
4h6y/w1/  4.09   0.385  -1.000   0.033   0.295
4hkr/w1/  3.35   0.037  -1.000   0.040   0.991
4hnd/w1/  3.20   0.305  -1.000   0.026   0.755
4ifq/w1/  3.25   0.448  -1.000   0.046   0.699
4lck/w1/  3.20   0.247  -1.000  -0.011   0.739
4m2s/w1/  4.31   0.105  -1.000   0.001   0.661
4nsc/w1/  3.20   0.491  -1.000   0.049   0.486
4nt5/w1/  3.28   0.338  -1.000  -0.003   0.648
4px7/w1/  3.20   0.385  -1.000   0.049   0.809
4q8j/w1/  3.80   0.218  -1.000  -0.002   0.679
4qka/w1/  3.20   0.544  -1.000   0.049   0.477
4tq5/w1/  3.20   0.345  -1.000   0.029   0.643
