Total of 186 directories 
     key    d_min cc_perfect pred_cc_perfect
1vjn/w1/  2.00   0.361   0.230 
1vjn/w1/  2.50   0.445   0.270 
1vjn/w1/  3.00   0.489   0.300 
1vjn/w1/  3.50   0.495   0.320 
1vjn/w1/  4.00   0.492   0.310 
1vjn/w1/  4.50   0.475   0.310 
1vjn/w1/  5.00   0.455   0.310 
1vjn/w1/  5.50   0.446   0.310 
1vjn/w1/  6.00   0.471   0.310 
1vjn/w2/  3.00   0.476   0.540 
1vjn/w2/  3.50   0.491   0.570 
1vjn/w2/  4.00   0.526   0.580 
1vjn/w2/  4.50   0.536   0.590 
1vjn/w2/  5.00   0.550   0.590 
1vjn/w2/  5.50   0.561   0.590 
1vjn/w2/  6.00   0.560   0.600 
1vjn/w3/  3.00   0.672   0.620 
1vjn/w3/  3.50   0.677   0.640 
1vjn/w3/  4.00   0.687   0.650 
1vjn/w3/  4.50   0.683   0.660 
1vjn/w3/  5.00   0.671   0.660 
1vjn/w3/  5.50   0.665   0.660 
1vjn/w3/  6.00   0.665   0.660 
1vjr/w1/  2.40   0.470   0.470 
1vjr/w1/  3.00   0.632   0.610 
1vjr/w1/  3.50   0.704   0.660 
1vjr/w1/  4.00   0.737   0.670 
1vjr/w1/  4.50   0.740   0.670 
1vjr/w1/  5.00   0.729   0.670 
1vjr/w1/  5.50   0.724   0.680 
1vjr/w1/  6.00   0.709   0.680 
1vjr/w2/  2.50   0.317  -1.000 
1vjr/w2/  3.00   0.448  -1.000 
1vjr/w2/  3.50   0.551  -1.000 
1vjr/w2/  4.00   0.613  -1.000 
1vjr/w2/  4.50   0.641  -1.000 
1vjr/w2/  5.00   0.654  -1.000 
1vjr/w2/  5.50   0.658  -1.000 
1vjr/w2/  6.00   0.663  -1.000 
1vjr/w3/  2.50   0.046  -1.000 
1vjr/w3/  3.00   0.075  -1.000 
1vjr/w3/  3.50   0.108  -1.000 
1vjr/w3/  4.00   0.127  -1.000 
1vjr/w3/  4.50   0.146  -1.000 
1vjr/w3/  5.00   0.155  -1.000 
1vjr/w3/  5.50   0.177  -1.000 
1vjr/w3/  6.00   0.179  -1.000 
1vjz/w1/  2.05   0.055   0.070 
1vjz/w1/  2.50   0.079   0.060 
1vjz/w1/  3.00   0.115   0.060 
1vjz/w1/  3.50   0.163   0.070 
1vjz/w1/  4.00   0.189   0.070 
1vjz/w1/  4.50   0.202   0.070 
1vjz/w1/  5.00   0.195   0.070 
1vjz/w1/  5.50   0.199   0.070 
1vjz/w1/  6.00   0.226   0.070 
1vjz/w2/  2.50   0.391   0.460 
1vjz/w2/  3.00   0.527   0.570 
1vjz/w2/  3.50   0.653   0.640 
1vjz/w2/  4.00   0.727   0.660 
1vjz/w2/  4.50   0.721   0.670 
1vjz/w2/  5.00   0.699   0.670 
1vjz/w2/  5.50   0.685   0.670 
1vjz/w2/  6.00   0.689   0.670 
1vjz/w3/  2.50   0.407  -1.000 
1vjz/w3/  2.50   0.407   0.400 
1vjz/w3/  3.00   0.514   0.510 
1vjz/w3/  3.50   0.634   0.580 
1vjz/w3/  4.00   0.708   0.610 
1vjz/w3/  4.50   0.710   0.610 
1vjz/w3/  5.00   0.691   0.610 
1vjz/w3/  5.50   0.663   0.610 
1vjz/w3/  6.00   0.663   0.620 
1vk4/w1/  1.91   0.635   0.600 
1vk4/w1/  2.50   0.782   0.670 
1vk4/w1/  3.00   0.792   0.680 
1vk4/w1/  3.50   0.782   0.680 
1vk4/w1/  4.00   0.785   0.690 
1vk4/w1/  4.50   0.767   0.690 
1vk4/w1/  5.00   0.758   0.690 
1vk4/w1/  5.50   0.741   0.690 
1vk4/w1/  6.00   0.723   0.690 
1vk4/w2/  2.00   0.684  -1.000 
1vk4/w2/  2.50   0.808   0.650 
1vk4/w2/  3.00   0.820   0.670 
1vk4/w2/  3.50   0.814   0.680 
1vk4/w2/  4.00   0.811   0.680 
1vk4/w2/  4.50   0.792   0.680 
1vk4/w2/  5.00   0.774   0.680 
1vk4/w2/  5.50   0.757   0.680 
1vk4/w2/  6.00   0.744   0.680 
1vkm/w1/  2.18   0.057   0.060 
1vkm/w1/  2.50   0.081   0.070 
1vkm/w1/  3.00   0.131   0.140 
1vkm/w1/  3.50   0.176   0.180 
1vkm/w1/  4.00   0.200   0.190 
1vkm/w1/  4.50   0.211   0.190 
1vkm/w1/  5.00   0.236   0.200 
1vkm/w1/  5.50   0.262   0.200 
1vkm/w1/  6.00   0.288   0.210 
1vkm/w2/  2.18   0.349   0.440 
1vkm/w2/  2.50   0.449   0.550 
1vkm/w2/  3.00   0.577   0.640 
1vkm/w2/  3.50   0.632   0.670 
1vkm/w2/  4.00   0.653   0.680 
1vkm/w2/  4.50   0.661   0.680 
1vkm/w2/  5.00   0.664   0.680 
1vkm/w2/  5.50   0.664   0.680 
1vkm/w2/  6.00   0.671   0.680 
1vkm/w3/  2.18   0.482   0.420 
1vkm/w3/  2.50   0.573   0.530 
1vkm/w3/  3.00   0.667   0.630 
1vkm/w3/  3.50   0.700   0.660 
1vkm/w3/  4.00   0.707   0.670 
1vkm/w3/  4.50   0.704   0.680 
1vkm/w3/  5.00   0.701   0.680 
1vkm/w3/  5.50   0.696   0.680 
1vkm/w3/  6.00   0.700   0.680 
1vlm/w1/  2.20   0.031   0.070 
1vlm/w1/  2.50   0.040   0.060 
1vlm/w1/  3.00   0.062   0.070 
1vlm/w1/  3.50   0.102   0.080 
1vlm/w1/  4.00   0.127   0.090 
1vlm/w1/  4.50   0.163   0.100 
1vlm/w1/  5.00   0.165   0.100 
1vlm/w1/  5.50   0.165   0.110 
1vlm/w1/  6.00   0.182   0.120 
1vlm/w2/  2.20   0.195   0.300 
1vlm/w2/  2.50   0.251   0.370 
1vlm/w2/  3.00   0.359   0.500 
1vlm/w2/  3.50   0.460   0.560 
1vlm/w2/  4.00   0.533   0.590 
1vlm/w2/  4.50   0.589   0.600 
1vlm/w2/  5.00   0.618   0.600 
1vlm/w2/  5.50   0.630   0.610 
1vlm/w2/  6.00   0.657   0.620 
1vlm/w3/  2.79   0.268   0.330 
1vlm/w3/  3.00   0.316   0.370 
1vlm/w3/  3.50   0.437   0.480 
1vlm/w3/  4.00   0.537   0.530 
1vlm/w3/  4.50   0.594   0.550 
1vlm/w3/  5.00   0.614   0.560 
1vlm/w3/  5.50   0.615   0.570 
1vlm/w3/  6.00   0.660   0.600 
1vqr/w1/  2.25   0.417   0.340 
1vqr/w1/  3.00   0.523   0.490 
1vqr/w1/  3.50   0.568   0.540 
1vqr/w1/  4.00   0.590   0.570 
1vqr/w1/  4.50   0.604   0.570 
1vqr/w1/  5.00   0.607   0.580 
1vqr/w1/  5.50   0.610   0.580 
1vqr/w1/  6.00   0.599   0.590 
1z82/w1/  2.00   0.284   0.390 
1z82/w1/  2.50   0.441   0.540 
1z82/w1/  3.00   0.556   0.620 
1z82/w1/  3.50   0.608   0.650 
1z82/w1/  4.00   0.623   0.660 
1z82/w1/  4.50   0.619   0.670 
1z82/w1/  5.00   0.626   0.670 
1z82/w1/  5.50   0.642   0.680 
1z82/w1/  6.00   0.649   0.680 
1z82/w2/  2.00   0.425   0.450 
1z82/w2/  2.50   0.561   0.590 
1z82/w2/  3.00   0.629   0.650 
1z82/w2/  3.50   0.654   0.670 
1z82/w2/  4.00   0.653   0.680 
1z82/w2/  4.50   0.642   0.680 
1z82/w2/  5.00   0.651   0.680 
1z82/w2/  5.50   0.650   0.680 
1z82/w2/  6.00   0.637   0.690 
1zy9/w1/  2.34   0.130   0.210 
1zy9/w1/  3.00   0.217   0.290 
1zy9/w1/  3.50   0.274   0.330 
1zy9/w1/  4.00   0.323   0.350 
1zy9/w1/  4.50   0.353   0.360 
1zy9/w1/  5.00   0.380   0.370 
1zy9/w1/  5.50   0.410   0.380 
1zy9/w1/  6.00   0.417   0.390 
1zy9/w2/  2.37   0.152   0.190 
1zy9/w2/  3.00   0.245   0.260 
1zy9/w2/  3.50   0.329   0.300 
1zy9/w2/  4.00   0.384   0.320 
1zy9/w2/  4.50   0.423   0.330 
1zy9/w2/  5.00   0.461   0.330 
1zy9/w2/  5.50   0.485   0.340 
1zy9/w2/  6.00   0.490   0.350 
1zy9/w3/  2.99   0.217   0.250 
1zy9/w3/  3.00   0.217   0.250 
1zy9/w3/  3.50   0.318   0.300 
1zy9/w3/  4.00   0.402   0.340 
1zy9/w3/  4.50   0.448   0.360 
1zy9/w3/  5.00   0.483   0.380 
1zy9/w3/  5.50   0.505   0.400 
1zy9/w3/  6.00   0.529   0.440 
1zyb/w1/  2.10   0.177   0.490 
1zyb/w1/  2.50   0.287   0.610 
1zyb/w1/  3.00   0.410   0.670 
1zyb/w1/  3.50   0.485   0.680 
1zyb/w1/  4.00   0.517   0.690 
1zyb/w1/  4.50   0.526   0.690 
1zyb/w1/  5.00   0.519   0.690 
1zyb/w1/  5.50   0.529   0.690 
1zyb/w1/  6.00   0.530   0.690 
1zyb/w2/  2.10   0.266   0.400 
1zyb/w2/  2.50   0.398   0.550 
1zyb/w2/  3.00   0.544   0.650 
1zyb/w2/  3.50   0.611   0.670 
1zyb/w2/  4.00   0.631   0.680 
1zyb/w2/  4.50   0.642   0.680 
1zyb/w2/  5.00   0.633   0.680 
1zyb/w2/  5.50   0.632   0.680 
1zyb/w2/  6.00   0.628   0.680 
2a2o/w1/  2.16   0.492   0.380 
2a2o/w1/  2.50   0.576   0.490 
2a2o/w1/  3.00   0.655   0.580 
2a2o/w1/  3.50   0.702   0.630 
2a2o/w1/  4.00   0.728   0.640 
2a2o/w1/  4.50   0.742   0.650 
2a2o/w1/  5.00   0.749   0.650 
2a2o/w1/  5.50   0.750   0.660 
2a2o/w1/  6.00   0.751   0.670 
2a2o/w2/  2.16   0.309   0.290 
2a2o/w2/  2.50   0.374   0.380 
2a2o/w2/  3.00   0.472   0.510 
2a2o/w2/  3.50   0.550   0.560 
2a2o/w2/  4.00   0.608   0.590 
2a2o/w2/  4.50   0.642   0.600 
2a2o/w2/  5.00   0.662   0.610 
2a2o/w2/  5.50   0.675   0.620 
2a2o/w2/  6.00   0.685   0.630 
2a3n/w1/  1.23   0.620   0.480 
2a3n/w1/  1.50   0.699   0.540 
2a3n/w1/  2.00   0.780   0.640 
2a3n/w1/  2.50   0.785   0.660 
2a3n/w1/  3.00   0.771   0.670 
2a3n/w1/  3.50   0.756   0.670 
2a3n/w1/  4.00   0.751   0.670 
2a3n/w1/  4.50   0.749   0.670 
2a3n/w1/  5.00   0.735   0.660 
2a3n/w1/  5.50   0.723   0.660 
2a3n/w1/  6.00   0.706   0.660 
2a3n/w2/  1.34   0.784   0.470 
2a3n/w2/  1.50   0.801   0.500 
2a3n/w2/  2.00   0.831   0.600 
2a3n/w2/  2.50   0.830   0.630 
2a3n/w2/  3.00   0.823   0.640 
2a3n/w2/  3.50   0.809   0.650 
2a3n/w2/  4.00   0.792   0.640 
2a3n/w2/  4.50   0.778   0.640 
2a3n/w2/  5.00   0.745   0.630 
2a3n/w2/  5.50   0.728   0.620 
2a3n/w2/  6.00   0.716   0.620 
2a3n/w3/  1.23   0.670   0.390 
2a3n/w3/  1.50   0.761   0.530 
2a3n/w3/  2.00   0.800   0.640 
2a3n/w3/  2.50   0.799   0.660 
2a3n/w3/  3.00   0.799   0.670 
2a3n/w3/  3.50   0.792   0.670 
2a3n/w3/  4.00   0.773   0.670 
2a3n/w3/  4.50   0.761   0.670 
2a3n/w3/  5.00   0.741   0.670 
2a3n/w3/  5.50   0.730   0.670 
2a3n/w3/  6.00   0.717   0.670 
2a6b/w1/  1.70   0.082   0.060 
2a6b/w1/  2.00   0.115   0.070 
2a6b/w1/  2.50   0.143   0.110 
2a6b/w1/  3.00   0.150   0.150 
2a6b/w1/  3.50   0.159   0.160 
2a6b/w1/  4.00   0.161   0.160 
2a6b/w1/  4.50   0.172   0.160 
2a6b/w1/  5.00   0.155   0.160 
2a6b/w1/  5.50   0.142   0.160 
2a6b/w1/  6.00   0.140   0.160 
2a6b/w2/  2.11   0.110   0.220 
2a6b/w2/  2.50   0.160   0.280 
2a6b/w2/  3.00   0.237   0.350 
2a6b/w2/  3.50   0.303   0.400 
2a6b/w2/  4.00   0.359   0.420 
2a6b/w2/  4.50   0.369   0.420 
2a6b/w2/  5.00   0.378   0.410 
2a6b/w2/  5.50   0.385   0.420 
2a6b/w2/  6.00   0.389   0.440 
2a6b/w3/  2.11   0.174   0.260 
2a6b/w3/  2.50   0.255   0.320 
2a6b/w3/  3.00   0.360   0.410 
2a6b/w3/  3.50   0.440   0.470 
2a6b/w3/  4.00   0.473   0.500 
2a6b/w3/  4.50   0.497   0.500 
2a6b/w3/  5.00   0.506   0.490 
2a6b/w3/  5.50   0.496   0.500 
2a6b/w3/  6.00   0.476   0.530 
2a6b/w4/  2.11   0.108   0.270 
2a6b/w4/  2.50   0.171   0.340 
2a6b/w4/  3.00   0.244   0.440 
2a6b/w4/  3.50   0.320   0.490 
2a6b/w4/  4.00   0.377   0.510 
2a6b/w4/  4.50   0.380   0.510 
2a6b/w4/  5.00   0.399   0.500 
2a6b/w4/  5.50   0.394   0.510 
2a6b/w4/  6.00   0.415   0.530 
2aml/w1/  1.50   0.404   0.330 
2aml/w1/  2.00   0.608   0.510 
2aml/w1/  2.50   0.683   0.570 
2aml/w1/  3.00   0.703   0.600 
2aml/w1/  3.50   0.704   0.610 
2aml/w1/  4.00   0.705   0.620 
2aml/w1/  4.50   0.707   0.620 
2aml/w1/  5.00   0.703   0.610 
2aml/w1/  5.50   0.695   0.610 
2aml/w1/  6.00   0.688   0.610 
2aml/w2/  1.50   0.625   0.350 
2aml/w2/  2.00   0.757   0.530 
2aml/w2/  2.50   0.788   0.590 
2aml/w2/  3.00   0.793   0.620 
2aml/w2/  3.50   0.783   0.630 
2aml/w2/  4.00   0.777   0.630 
2aml/w2/  4.50   0.766   0.630 
2aml/w2/  5.00   0.753   0.620 
2aml/w2/  5.50   0.741   0.620 
2aml/w2/  6.00   0.733   0.620 
2avn/w1/  2.35   0.306   0.320 
2avn/w1/  3.00   0.456   0.510 
2avn/w1/  3.50   0.560   0.590 
2avn/w1/  4.00   0.608   0.630 
2avn/w1/  4.50   0.624   0.640 
2avn/w1/  5.00   0.623   0.650 
2avn/w1/  5.50   0.620   0.650 
2avn/w1/  6.00   0.616   0.660 
2avn/w2/  2.44   0.210   0.530 
2avn/w2/  3.00   0.311   0.650 
2avn/w2/  3.50   0.377   0.680 
2avn/w2/  4.00   0.418   0.680 
2avn/w2/  4.50   0.452   0.680 
2avn/w2/  5.00   0.466   0.680 
2avn/w2/  5.50   0.491   0.680 
2avn/w2/  6.00   0.502   0.690 
2avn/w3/  2.44   0.213   0.470 
2avn/w3/  3.00   0.315   0.610 
2avn/w3/  3.50   0.382   0.660 
2avn/w3/  4.00   0.428   0.670 
2avn/w3/  4.50   0.462   0.680 
2avn/w3/  5.00   0.478   0.680 
2avn/w3/  5.50   0.499   0.680 
2avn/w3/  6.00   0.508   0.680 
2b8m/w1/  1.70   0.391   0.390 
2b8m/w1/  2.00   0.508   0.500 
2b8m/w1/  2.50   0.638   0.580 
2b8m/w1/  3.00   0.680   0.630 
2b8m/w1/  3.50   0.701   0.650 
2b8m/w1/  4.00   0.743   0.660 
2b8m/w1/  4.50   0.750   0.660 
2b8m/w1/  5.00   0.746   0.660 
2b8m/w1/  5.50   0.704   0.650 
2b8m/w1/  6.00   0.712   0.650 
2b8m/w2/  1.80   0.214   0.290 
2b8m/w2/  2.00   0.256   0.350 
2b8m/w2/  2.50   0.389   0.490 
2b8m/w2/  3.00   0.482   0.560 
2b8m/w2/  3.50   0.574   0.600 
2b8m/w2/  4.00   0.652   0.610 
2b8m/w2/  4.50   0.688   0.620 
2b8m/w2/  5.00   0.688   0.620 
2b8m/w2/  5.50   0.691   0.610 
2b8m/w2/  6.00   0.711   0.620 
2b8m/w3/  1.80   0.053   0.070 
2b8m/w3/  2.00   0.065   0.060 
2b8m/w3/  2.50   0.105   0.060 
2b8m/w3/  3.00   0.137   0.080 
2b8m/w3/  3.50   0.185   0.090 
2b8m/w3/  4.00   0.229   0.100 
2b8m/w3/  4.50   0.268   0.110 
2b8m/w3/  5.00   0.295   0.110 
2b8m/w3/  5.50   0.345   0.100 
2b8m/w3/  6.00   0.405   0.110 
2etd/w1/  2.28   0.066   0.060 
2etd/w1/  3.00   0.107   0.070 
2etd/w1/  3.50   0.132   0.090 
2etd/w1/  4.00   0.144   0.100 
2etd/w1/  4.50   0.138   0.110 
2etd/w1/  5.00   0.145   0.120 
2etd/w1/  5.50   0.136   0.120 
2etd/w1/  6.00   0.112   0.130 
2etd/w2/  2.28   0.340   0.410 
2etd/w2/  3.00   0.472   0.550 
2etd/w2/  3.50   0.513   0.580 
2etd/w2/  4.00   0.526   0.600 
2etd/w2/  4.50   0.523   0.600 
2etd/w2/  5.00   0.517   0.590 
2etd/w2/  5.50   0.516   0.600 
2etd/w2/  6.00   0.494   0.600 
2etd/w3/  2.29   0.404   0.380 
2etd/w3/  3.00   0.541   0.540 
2etd/w3/  3.50   0.573   0.590 
2etd/w3/  4.00   0.576   0.610 
2etd/w3/  4.50   0.557   0.620 
2etd/w3/  5.00   0.546   0.620 
2etd/w3/  5.50   0.527   0.620 
2etd/w3/  6.00   0.518   0.630 
2etj/w1/  1.74   0.371   0.300 
2etj/w1/  2.00   0.441   0.370 
2etj/w1/  2.50   0.520   0.480 
2etj/w1/  3.00   0.533   0.530 
2etj/w1/  3.50   0.533   0.550 
2etj/w1/  4.00   0.556   0.560 
2etj/w1/  4.50   0.562   0.560 
2etj/w1/  5.00   0.575   0.550 
2etj/w1/  5.50   0.586   0.560 
2etj/w1/  6.00   0.558   0.560 
2etj/w2/  1.74   0.060   0.060 
2etj/w2/  2.00   0.081   0.060 
2etj/w2/  2.50   0.126   0.080 
2etj/w2/  3.00   0.152   0.110 
2etj/w2/  3.50   0.153   0.130 
2etj/w2/  4.00   0.158   0.140 
2etj/w2/  4.50   0.168   0.140 
2etj/w2/  5.00   0.202   0.130 
2etj/w2/  5.50   0.196   0.130 
2etj/w2/  6.00   0.195   0.140 
2ets/w1/  2.25   0.426   0.350 
2ets/w1/  3.00   0.556   0.560 
2ets/w1/  3.50   0.592   0.610 
2ets/w1/  4.00   0.596   0.630 
2ets/w1/  4.50   0.602   0.630 
2ets/w1/  5.00   0.585   0.620 
2ets/w1/  5.50   0.591   0.630 
2ets/w1/  6.00   0.572   0.640 
2etv/w1/  1.70   0.178   0.180 
2etv/w1/  2.00   0.235   0.230 
2etv/w1/  2.50   0.319   0.290 
2etv/w1/  3.00   0.363   0.340 
2etv/w1/  3.50   0.389   0.370 
2etv/w1/  4.00   0.410   0.380 
2etv/w1/  4.50   0.420   0.380 
2etv/w1/  5.00   0.437   0.380 
2etv/w1/  5.50   0.439   0.380 
2etv/w1/  6.00   0.428   0.380 
2etv/w2/  1.70   0.220   0.210 
2etv/w2/  2.00   0.300   0.270 
2etv/w2/  2.50   0.406   0.350 
2etv/w2/  3.00   0.461   0.420 
2etv/w2/  3.50   0.489   0.470 
2etv/w2/  4.00   0.504   0.480 
2etv/w2/  4.50   0.518   0.480 
2etv/w2/  5.00   0.528   0.480 
2etv/w2/  5.50   0.521   0.480 
2etv/w2/  6.00   0.510   0.480 
2evr/w1/  1.60   0.045   0.070 
2evr/w1/  2.00   0.069   0.060 
2evr/w1/  2.50   0.094   0.070 
2evr/w1/  3.00   0.100   0.080 
2evr/w1/  3.50   0.112   0.080 
2evr/w1/  4.00   0.126   0.080 
2evr/w1/  4.50   0.128   0.080 
2evr/w1/  5.00   0.130   0.080 
2evr/w1/  5.50   0.139   0.080 
2evr/w1/  6.00   0.139   0.080 
2evr/w2/  1.60   0.318   0.300 
2evr/w2/  2.00   0.439   0.430 
2evr/w2/  2.50   0.501   0.520 
2evr/w2/  3.00   0.505   0.550 
2evr/w2/  3.50   0.517   0.550 
2evr/w2/  4.00   0.526   0.540 
2evr/w2/  4.50   0.535   0.540 
2evr/w2/  5.00   0.544   0.540 
2evr/w2/  5.50   0.530   0.540 
2evr/w2/  6.00   0.504   0.550 
2f4p/w1/  1.90   0.026   0.060 
2f4p/w1/  2.50   0.044   0.070 
2f4p/w1/  3.00   0.056   0.080 
2f4p/w1/  3.50   0.056   0.090 
2f4p/w1/  4.00   0.060   0.090 
2f4p/w1/  4.50   0.061   0.090 
2f4p/w1/  5.00   0.070   0.090 
2f4p/w1/  5.50   0.082   0.080 
2f4p/w1/  6.00   0.084   0.080 
2f4p/w2/  1.90   0.250   0.330 
2f4p/w2/  2.50   0.401   0.510 
2f4p/w2/  3.00   0.444   0.580 
2f4p/w2/  3.50   0.466   0.600 
2f4p/w2/  4.00   0.473   0.600 
2f4p/w2/  4.50   0.475   0.600 
2f4p/w2/  5.00   0.488   0.590 
2f4p/w2/  5.50   0.487   0.590 
2f4p/w2/  6.00   0.482   0.590 
2fea/w1/  2.00   0.161   0.060 
2fea/w1/  2.50   0.272   0.120 
2fea/w1/  3.00   0.349   0.170 
2fea/w1/  3.50   0.389   0.180 
2fea/w1/  4.00   0.406   0.190 
2fea/w1/  4.50   0.395   0.190 
2fea/w1/  5.00   0.409   0.190 
2fea/w1/  5.50   0.414   0.190 
2fea/w1/  6.00   0.399   0.190 
2fea/w2/  2.00   0.352   0.410 
2fea/w2/  2.50   0.529   0.560 
2fea/w2/  3.00   0.612   0.630 
2fea/w2/  3.50   0.645   0.650 
2fea/w2/  4.00   0.655   0.660 
2fea/w2/  4.50   0.645   0.660 
2fea/w2/  5.00   0.643   0.660 
2fea/w2/  5.50   0.631   0.660 
2fea/w2/  6.00   0.630   0.660 
2ffj/w1/  2.45   0.296   0.310 
2ffj/w1/  3.00   0.432   0.450 
2ffj/w1/  3.50   0.540   0.530 
2ffj/w1/  4.00   0.594   0.560 
2ffj/w1/  4.50   0.622   0.570 
2ffj/w1/  5.00   0.623   0.570 
2ffj/w1/  5.50   0.623   0.580 
2ffj/w1/  6.00   0.620   0.590 
2ffj/w2/  2.66   0.231   0.290 
2ffj/w2/  3.00   0.285   0.360 
2ffj/w2/  3.50   0.363   0.450 
2ffj/w2/  4.00   0.430   0.500 
2ffj/w2/  4.50   0.482   0.520 
2ffj/w2/  5.00   0.509   0.520 
2ffj/w2/  5.50   0.519   0.530 
2ffj/w2/  6.00   0.537   0.550 
2ffj/w3/  2.45   0.192   0.290 
2ffj/w3/  3.00   0.308   0.410 
2ffj/w3/  3.50   0.416   0.500 
2ffj/w3/  4.00   0.482   0.540 
2ffj/w3/  4.50   0.520   0.540 
2ffj/w3/  5.00   0.540   0.550 
2ffj/w3/  5.50   0.546   0.560 
2ffj/w3/  6.00   0.553   0.570 
2fg0/w1/  1.79   0.041   0.070 
2fg0/w1/  2.50   0.076   0.080 
2fg0/w1/  3.00   0.121   0.140 
2fg0/w1/  3.50   0.153   0.170 
2fg0/w1/  4.00   0.180   0.180 
2fg0/w1/  4.50   0.184   0.180 
2fg0/w1/  5.00   0.189   0.180 
2fg0/w1/  5.50   0.184   0.180 
2fg0/w1/  6.00   0.196   0.180 
2fg0/w2/  1.79   0.236   0.200 
2fg0/w2/  2.50   0.426   0.300 
2fg0/w2/  3.00   0.555   0.360 
2fg0/w2/  3.50   0.619   0.400 
2fg0/w2/  4.00   0.643   0.400 
2fg0/w2/  4.50   0.642   0.410 
2fg0/w2/  5.00   0.625   0.400 
2fg0/w2/  5.50   0.615   0.410 
2fg0/w2/  6.00   0.610   0.410 
2fg9/w1/  2.20   0.521   0.670 
2fg9/w1/  2.50   0.597   0.690 
2fg9/w1/  3.00   0.686   0.690 
2fg9/w1/  3.50   0.714   0.690 
2fg9/w1/  4.00   0.730   0.690 
2fg9/w1/  4.50   0.726   0.690 
2fg9/w1/  5.00   0.713   0.690 
2fg9/w1/  5.50   0.681   0.690 
2fg9/w1/  6.00   0.688   0.690 
2fg9/w2/  2.20   0.633   0.670 
2fg9/w2/  2.50   0.673   0.690 
2fg9/w2/  3.00   0.716   0.690 
2fg9/w2/  3.50   0.720   0.690 
2fg9/w2/  4.00   0.716   0.690 
2fg9/w2/  4.50   0.688   0.690 
2fg9/w2/  5.00   0.653   0.690 
2fg9/w2/  5.50   0.617   0.690 
2fg9/w2/  6.00   0.606   0.690 
2fg9/w3/  2.20   0.175   0.220 
2fg9/w3/  2.50   0.229   0.280 
2fg9/w3/  3.00   0.319   0.390 
2fg9/w3/  3.50   0.374   0.480 
2fg9/w3/  4.00   0.426   0.520 
2fg9/w3/  4.50   0.441   0.530 
2fg9/w3/  5.00   0.450   0.530 
2fg9/w3/  5.50   0.445   0.540 
2fg9/w3/  6.00   0.485   0.540 
2fna/w1/  2.00   0.251   0.260 
2fna/w1/  2.50   0.342   0.350 
2fna/w1/  3.00   0.368   0.420 
2fna/w1/  3.50   0.405   0.460 
2fna/w1/  4.00   0.460   0.500 
2fna/w1/  4.50   0.492   0.510 
2fna/w1/  5.00   0.513   0.520 
2fna/w1/  5.50   0.530   0.530 
2fna/w1/  6.00   0.547   0.540 
2fna/w2/  2.00   0.175   0.170 
2fna/w2/  2.50   0.243   0.220 
2fna/w2/  3.00   0.268   0.260 
2fna/w2/  3.50   0.284   0.280 
2fna/w2/  4.00   0.338   0.290 
2fna/w2/  4.50   0.375   0.300 
2fna/w2/  5.00   0.392   0.310 
2fna/w2/  5.50   0.423   0.310 
2fna/w2/  6.00   0.427   0.330 
2fqp/w1/  1.80   0.141   0.060 
2fqp/w1/  2.50   0.278   0.140 
2fqp/w1/  3.00   0.327   0.170 
2fqp/w1/  3.50   0.352   0.180 
2fqp/w1/  4.00   0.352   0.180 
2fqp/w1/  4.50   0.367   0.180 
2fqp/w1/  5.00   0.389   0.180 
2fqp/w1/  5.50   0.411   0.170 
2fqp/w1/  6.00   0.409   0.170 
2fqp/w2/  1.80   0.342   0.380 
2fqp/w2/  2.50   0.548   0.580 
2fqp/w2/  3.00   0.588   0.630 
2fqp/w2/  3.50   0.598   0.650 
2fqp/w2/  4.00   0.583   0.650 
2fqp/w2/  4.50   0.595   0.650 
2fqp/w2/  5.00   0.603   0.640 
2fqp/w2/  5.50   0.593   0.630 
2fqp/w2/  6.00   0.591   0.630 
2fur/w1/  1.80   0.288   0.330 
2fur/w1/  2.50   0.477   0.530 
2fur/w1/  3.00   0.578   0.600 
2fur/w1/  3.50   0.643   0.640 
2fur/w1/  4.00   0.678   0.650 
2fur/w1/  4.50   0.707   0.660 
2fur/w1/  5.00   0.730   0.660 
2fur/w1/  5.50   0.730   0.660 
2fur/w1/  6.00   0.722   0.670 
2fur/w2/  1.80   0.049   0.060 
2fur/w2/  2.50   0.094   0.070 
2fur/w2/  3.00   0.132   0.100 
2fur/w2/  3.50   0.165   0.140 
2fur/w2/  4.00   0.200   0.150 
2fur/w2/  4.50   0.233   0.160 
2fur/w2/  5.00   0.280   0.170 
2fur/w2/  5.50   0.279   0.170 
2fur/w2/  6.00   0.286   0.180 
2fur/w3/  1.90   0.326   0.320 
2fur/w3/  2.50   0.526   0.510 
2fur/w3/  3.00   0.640   0.600 
2fur/w3/  3.50   0.694   0.640 
2fur/w3/  4.00   0.720   0.650 
2fur/w3/  4.50   0.723   0.660 
2fur/w3/  5.00   0.718   0.670 
2fur/w3/  5.50   0.707   0.670 
2fur/w3/  6.00   0.701   0.670 
2fzt/w1/  2.05   0.280   0.340 
2fzt/w1/  2.50   0.396   0.460 
2fzt/w1/  3.00   0.493   0.530 
2fzt/w1/  3.50   0.534   0.560 
2fzt/w1/  4.00   0.555   0.570 
2fzt/w1/  4.50   0.544   0.540 
2fzt/w1/  5.00   0.550   0.530 
2fzt/w1/  5.50   0.527   0.530 
2fzt/w1/  6.00   0.530   0.540 
2fzt/w2/  2.05   0.045   0.060 
2fzt/w2/  2.50   0.071   0.060 
2fzt/w2/  3.00   0.096   0.070 
2fzt/w2/  3.50   0.123   0.080 
2fzt/w2/  4.00   0.144   0.090 
2fzt/w2/  4.50   0.171   0.090 
2fzt/w2/  5.00   0.195   0.090 
2fzt/w2/  5.50   0.215   0.090 
2fzt/w2/  6.00   0.250   0.100 
2g0t/w1/  2.67   0.260   0.280 
2g0t/w1/  3.00   0.339   0.340 
2g0t/w1/  3.50   0.439   0.430 
2g0t/w1/  4.00   0.499   0.480 
2g0t/w1/  4.50   0.525   0.490 
2g0t/w1/  5.00   0.539   0.510 
2g0t/w1/  5.50   0.559   0.530 
2g0t/w1/  6.00   0.589   0.560 
2g0t/w2/  2.82   0.103   0.230 
2g0t/w2/  3.00   0.113   0.250 
2g0t/w2/  3.50   0.163   0.300 
2g0t/w2/  4.00   0.205   0.330 
2g0t/w2/  4.50   0.230   0.350 
2g0t/w2/  5.00   0.259   0.360 
2g0t/w2/  5.50   0.296   0.390 
2g0t/w2/  6.00   0.323   0.430 
2g0t/w3/  2.74   0.139   0.190 
2g0t/w3/  3.00   0.166   0.220 
2g0t/w3/  3.50   0.220   0.270 
2g0t/w3/  4.00   0.260   0.290 
2g0t/w3/  4.50   0.295   0.310 
2g0t/w3/  5.00   0.322   0.310 
2g0t/w3/  5.50   0.340   0.340 
2g0t/w3/  6.00   0.385   0.380 
2g42/w1/  2.28   0.302   0.370 
2g42/w1/  3.00   0.476   0.540 
2g42/w1/  3.50   0.527   0.580 
2g42/w1/  4.00   0.545   0.600 
2g42/w1/  4.50   0.546   0.580 
2g42/w1/  5.00   0.536   0.580 
2g42/w1/  5.50   0.536   0.590 
2g42/w1/  6.00   0.547   0.600 
2gc9/w1/  1.70   0.236   0.320 
2gc9/w1/  2.00   0.331   0.420 
2gc9/w1/  2.50   0.457   0.540 
2gc9/w1/  3.00   0.555   0.610 
2gc9/w1/  3.50   0.596   0.640 
2gc9/w1/  4.00   0.618   0.650 
2gc9/w1/  4.50   0.615   0.650 
2gc9/w1/  5.00   0.599   0.650 
2gc9/w1/  5.50   0.590   0.650 
2gc9/w1/  6.00   0.591   0.650 
2gc9/w2/  1.70   0.255   0.310 
2gc9/w2/  2.00   0.348   0.410 
2gc9/w2/  2.50   0.484   0.540 
2gc9/w2/  3.00   0.587   0.620 
2gc9/w2/  3.50   0.631   0.650 
2gc9/w2/  4.00   0.647   0.660 
2gc9/w2/  4.50   0.640   0.660 
2gc9/w2/  5.00   0.625   0.660 
2gc9/w2/  5.50   0.607   0.660 
2gc9/w2/  6.00   0.583   0.670 
2nlv/w1/  1.30   0.071   0.070 
2nlv/w1/  2.00   0.152   0.180 
2nlv/w1/  2.50   0.183   0.200 
2nlv/w1/  3.00   0.197   0.210 
2nlv/w1/  3.50   0.219   0.220 
2nlv/w1/  4.00   0.258   0.220 
2nlv/w1/  4.50   0.278   0.220 
2nlv/w1/  5.00   0.279   0.210 
2nlv/w1/  5.50   0.307   0.210 
2nlv/w1/  6.00   0.330   0.210 
2nlv/w2/  1.30   0.508   0.440 
2nlv/w2/  2.00   0.708   0.660 
2nlv/w2/  2.50   0.738   0.680 
2nlv/w2/  3.00   0.741   0.680 
2nlv/w2/  3.50   0.738   0.680 
2nlv/w2/  4.00   0.742   0.680 
2nlv/w2/  4.50   0.731   0.680 
2nlv/w2/  5.00   0.722   0.680 
2nlv/w2/  5.50   0.708   0.680 
2nlv/w2/  6.00   0.698   0.680 
2nlv/w3/  1.33   0.472   0.480 
2nlv/w3/  2.00   0.683   0.670 
2nlv/w3/  2.50   0.724   0.680 
2nlv/w3/  3.00   0.729   0.680 
2nlv/w3/  3.50   0.741   0.690 
2nlv/w3/  4.00   0.751   0.690 
2nlv/w3/  4.50   0.759   0.690 
2nlv/w3/  5.00   0.753   0.690 
2nlv/w3/  5.50   0.750   0.690 
2nlv/w3/  6.00   0.744   0.680 
2nuj/w1/  2.00   0.427   0.280 
2nuj/w1/  2.50   0.603   0.420 
2nuj/w1/  3.00   0.710   0.540 
2nuj/w1/  3.50   0.747   0.590 
2nuj/w1/  4.00   0.754   0.610 
2nuj/w1/  4.50   0.743   0.620 
2nuj/w1/  5.00   0.719   0.620 
2nuj/w1/  5.50   0.707   0.620 
2nuj/w1/  6.00   0.708   0.630 
2nwv/w1/  1.85   0.206   0.320 
2nwv/w1/  2.50   0.402   0.550 
2nwv/w1/  3.00   0.536   0.640 
2nwv/w1/  3.50   0.599   0.670 
2nwv/w1/  4.00   0.633   0.670 
2nwv/w1/  4.50   0.639   0.670 
2nwv/w1/  5.00   0.668   0.670 
2nwv/w1/  5.50   0.667   0.680 
2nwv/w1/  6.00   0.666   0.680 
2nwv/w2/  1.90   0.194   0.310 
2nwv/w2/  2.50   0.354   0.510 
2nwv/w2/  3.00   0.495   0.610 
2nwv/w2/  3.50   0.574   0.640 
2nwv/w2/  4.00   0.618   0.660 
2nwv/w2/  4.50   0.638   0.660 
2nwv/w2/  5.00   0.645   0.650 
2nwv/w2/  5.50   0.636   0.660 
2nwv/w2/  6.00   0.622   0.660 
2nwv/w3/  1.95   0.006   0.070 
2nwv/w3/  2.50   0.022   0.060 
2nwv/w3/  3.00   0.036   0.070 
2nwv/w3/  3.50   0.055   0.080 
2nwv/w3/  4.00   0.031   0.090 
2nwv/w3/  4.50   0.028   0.090 
2nwv/w3/  5.00   0.012   0.090 
2nwv/w3/  5.50   0.004   0.090 
2nwv/w3/  6.00   0.045   0.100 
2o08/w1/  1.90   0.049   0.060 
2o08/w1/  2.50   0.091   0.070 
2o08/w1/  3.00   0.123   0.120 
2o08/w1/  3.50   0.154   0.160 
2o08/w1/  4.00   0.174   0.170 
2o08/w1/  4.50   0.167   0.170 
2o08/w1/  5.00   0.189   0.170 
2o08/w1/  5.50   0.199   0.180 
2o08/w1/  6.00   0.191   0.180 
2o08/w2/  2.47   0.257   0.330 
2o08/w2/  2.50   0.262   0.330 
2o08/w2/  3.00   0.366   0.440 
2o08/w2/  3.50   0.449   0.510 
2o08/w2/  4.00   0.483   0.530 
2o08/w2/  4.50   0.493   0.540 
2o08/w2/  5.00   0.497   0.540 
2o08/w2/  5.50   0.503   0.550 
2o08/w2/  6.00   0.515   0.570 
2o08/w3/  2.47   0.368   0.320 
2o08/w3/  2.50   0.371   0.320 
2o08/w3/  3.00   0.481   0.420 
2o08/w3/  3.50   0.557   0.500 
2o08/w3/  4.00   0.581   0.520 
2o08/w3/  4.50   0.597   0.530 
2o08/w3/  5.00   0.591   0.530 
2o08/w3/  5.50   0.584   0.540 
2o08/w3/  6.00   0.602   0.560 
2o08/w4/  2.46   0.290   0.340 
2o08/w4/  2.50   0.295   0.340 
2o08/w4/  3.00   0.410   0.470 
2o08/w4/  3.50   0.483   0.530 
2o08/w4/  4.00   0.515   0.550 
2o08/w4/  4.50   0.526   0.560 
2o08/w4/  5.00   0.532   0.560 
2o08/w4/  5.50   0.530   0.570 
2o08/w4/  6.00   0.554   0.590 
2o1q/w1/  1.50   0.175   0.060 
2o1q/w1/  2.00   0.277   0.070 
2o1q/w1/  2.50   0.360   0.090 
2o1q/w1/  3.00   0.398   0.130 
2o1q/w1/  3.50   0.415   0.150 
2o1q/w1/  4.00   0.404   0.150 
2o1q/w1/  4.50   0.400   0.150 
2o1q/w1/  5.00   0.375   0.150 
2o1q/w1/  5.50   0.344   0.150 
2o1q/w1/  6.00   0.309   0.150 
2o1q/w2/  2.00   0.326   0.380 
2o1q/w2/  2.50   0.495   0.550 
2o1q/w2/  3.00   0.620   0.640 
2o1q/w2/  3.50   0.663   0.670 
2o1q/w2/  4.00   0.685   0.670 
2o1q/w2/  4.50   0.690   0.670 
2o1q/w2/  5.00   0.672   0.670 
2o1q/w2/  5.50   0.660   0.670 
2o1q/w2/  6.00   0.635   0.680 
2o1q/w3/  2.00   0.410   0.360 
2o1q/w3/  2.50   0.564   0.540 
2o1q/w3/  3.00   0.661   0.640 
2o1q/w3/  3.50   0.688   0.670 
2o1q/w3/  4.00   0.686   0.670 
2o1q/w3/  4.50   0.681   0.670 
2o1q/w3/  5.00   0.656   0.670 
2o1q/w3/  5.50   0.643   0.670 
2o1q/w3/  6.00   0.622   0.680 
2o1q/w4/  2.00   0.341   0.370 
2o1q/w4/  2.50   0.519   0.540 
2o1q/w4/  3.00   0.622   0.630 
2o1q/w4/  3.50   0.665   0.660 
2o1q/w4/  4.00   0.689   0.670 
2o1q/w4/  4.50   0.687   0.670 
2o1q/w4/  5.00   0.667   0.670 
2o1q/w4/  5.50   0.663   0.670 
2o1q/w4/  6.00   0.621   0.670 
2o2x/w1/  1.50   0.486   0.420 
2o2x/w1/  2.00   0.689   0.590 
2o2x/w1/  2.50   0.750   0.640 
2o2x/w1/  3.00   0.756   0.660 
2o2x/w1/  3.50   0.751   0.670 
2o2x/w1/  4.00   0.752   0.670 
2o2x/w1/  4.50   0.741   0.670 
2o2x/w1/  5.00   0.714   0.670 
2o2x/w1/  5.50   0.699   0.670 
2o2x/w1/  6.00   0.695   0.670 
2o2x/w2/  1.50   0.497   0.410 
2o2x/w2/  2.00   0.681   0.560 
2o2x/w2/  2.50   0.734   0.620 
2o2x/w2/  3.00   0.741   0.640 
2o2x/w2/  3.50   0.732   0.650 
2o2x/w2/  4.00   0.741   0.660 
2o2x/w2/  4.50   0.737   0.660 
2o2x/w2/  5.00   0.707   0.660 
2o2x/w2/  5.50   0.681   0.660 
2o2x/w2/  6.00   0.666   0.660 
2o2z/w1/  2.60   0.385   0.380 
2o2z/w1/  3.00   0.525   0.500 
2o2z/w1/  3.50   0.649   0.580 
2o2z/w1/  4.00   0.696   0.610 
2o2z/w1/  4.50   0.710   0.620 
2o2z/w1/  5.00   0.708   0.620 
2o2z/w1/  5.50   0.702   0.630 
2o2z/w1/  6.00   0.699   0.650 
2o3l/w1/  2.05   0.605   0.570 
2o3l/w1/  2.50   0.703   0.660 
2o3l/w1/  3.00   0.735   0.680 
2o3l/w1/  3.50   0.736   0.690 
2o3l/w1/  4.00   0.729   0.690 
2o3l/w1/  4.50   0.714   0.690 
2o3l/w1/  5.00   0.698   0.690 
2o3l/w1/  5.50   0.699   0.690 
2o3l/w1/  6.00   0.720   0.690 
2o3l/w2/  2.00   0.410   0.580 
2o3l/w2/  2.50   0.582   0.670 
2o3l/w2/  3.00   0.655   0.680 
2o3l/w2/  3.50   0.670   0.690 
2o3l/w2/  4.00   0.676   0.690 
2o3l/w2/  4.50   0.677   0.690 
2o3l/w2/  5.00   0.664   0.690 
2o3l/w2/  5.50   0.669   0.690 
2o3l/w2/  6.00   0.682   0.690 
2o3l/w3/  2.00   0.506   0.580 
2o3l/w3/  2.50   0.656   0.670 
2o3l/w3/  3.00   0.701   0.680 
2o3l/w3/  3.50   0.709   0.690 
2o3l/w3/  4.00   0.708   0.690 
2o3l/w3/  4.50   0.693   0.690 
2o3l/w3/  5.00   0.683   0.690 
2o3l/w3/  5.50   0.677   0.690 
2o3l/w3/  6.00   0.682   0.690 
2o62/w1/  1.75   0.276   0.230 
2o62/w1/  2.50   0.473   0.350 
2o62/w1/  3.00   0.567   0.420 
2o62/w1/  3.50   0.605   0.470 
2o62/w1/  4.00   0.614   0.480 
2o62/w1/  4.50   0.596   0.480 
2o62/w1/  5.00   0.585   0.470 
2o62/w1/  5.50   0.566   0.470 
2o62/w1/  6.00   0.548   0.470 
2o7t/w1/  2.10   0.286   0.370 
2o7t/w1/  2.50   0.419   0.520 
2o7t/w1/  3.00   0.551   0.610 
2o7t/w1/  3.50   0.606   0.640 
2o7t/w1/  4.00   0.644   0.650 
2o7t/w1/  4.50   0.653   0.650 
2o7t/w1/  5.00   0.662   0.650 
2o7t/w1/  5.50   0.673   0.660 
2o7t/w1/  6.00   0.696   0.670 
2o7t/w2/  2.10   0.372   0.410 
2o7t/w2/  2.50   0.509   0.540 
2o7t/w2/  3.00   0.632   0.630 
2o7t/w2/  3.50   0.692   0.660 
2o7t/w2/  4.00   0.716   0.660 
2o7t/w2/  4.50   0.716   0.660 
2o7t/w2/  5.00   0.710   0.660 
2o7t/w2/  5.50   0.695   0.660 
2o7t/w2/  6.00   0.705   0.670 
2o8q/w1/  1.55   0.311  -1.000 
2o8q/w1/  2.00   0.502  -1.000 
2o8q/w1/  2.50   0.616  -1.000 
2o8q/w1/  3.00   0.670  -1.000 
2o8q/w1/  3.50   0.679  -1.000 
2o8q/w1/  4.00   0.663  -1.000 
2o8q/w1/  4.50   0.638  -1.000 
2o8q/w1/  5.00   0.617  -1.000 
2o8q/w1/  5.50   0.607  -1.000 
2o8q/w1/  6.00   0.594  -1.000 
2o8q/w2/  2.48   0.353   0.380 
2o8q/w2/  2.50   0.355   0.380 
2o8q/w2/  3.00   0.492   0.540 
2o8q/w2/  3.50   0.558   0.600 
2o8q/w2/  4.00   0.595   0.630 
2o8q/w2/  4.50   0.587   0.640 
2o8q/w2/  5.00   0.567   0.640 
2o8q/w2/  5.50   0.548   0.650 
2o8q/w2/  6.00   0.575   0.650 
2o8q/w3/  2.48   0.350   0.380 
2o8q/w3/  2.50   0.354   0.380 
2o8q/w3/  3.00   0.477   0.530 
2o8q/w3/  3.50   0.544   0.590 
2o8q/w3/  4.00   0.576   0.620 
2o8q/w3/  4.50   0.579   0.630 
2o8q/w3/  5.00   0.581   0.640 
2o8q/w3/  5.50   0.560   0.640 
2o8q/w3/  6.00   0.576   0.650 
2o8q/w4/  2.48   0.278   0.370 
2o8q/w4/  2.50   0.283   0.380 
2o8q/w4/  3.00   0.393   0.520 
2o8q/w4/  3.50   0.461   0.580 
2o8q/w4/  4.00   0.501   0.610 
2o8q/w4/  4.50   0.503   0.620 
2o8q/w4/  5.00   0.498   0.620 
2o8q/w4/  5.50   0.495   0.630 
2o8q/w4/  6.00   0.515   0.630 
2obp/w1/  1.70   0.459   0.580 
2obp/w1/  2.00   0.600   0.670 
2obp/w1/  2.50   0.745   0.690 
2obp/w1/  3.00   0.794   0.690 
2obp/w1/  3.50   0.805   0.690 
2obp/w1/  4.00   0.806   0.690 
2obp/w1/  4.50   0.797   0.690 
2obp/w1/  5.00   0.776   0.690 
2obp/w1/  5.50   0.784   0.690 
2obp/w1/  6.00   0.770   0.690 
2obp/w2/  1.70   0.508   0.590 
2obp/w2/  2.00   0.639   0.670 
2obp/w2/  2.50   0.762   0.690 
2obp/w2/  3.00   0.798   0.690 
2obp/w2/  3.50   0.806   0.690 
2obp/w2/  4.00   0.803   0.690 
2obp/w2/  4.50   0.792   0.690 
2obp/w2/  5.00   0.771   0.690 
2obp/w2/  5.50   0.772   0.690 
2obp/w2/  6.00   0.758   0.690 
2obp/w3/  1.70   0.593   0.590 
2obp/w3/  2.00   0.706   0.670 
2obp/w3/  2.50   0.801   0.690 
2obp/w3/  3.00   0.830   0.690 
2obp/w3/  3.50   0.831   0.690 
2obp/w3/  4.00   0.825   0.690 
2obp/w3/  4.50   0.812   0.690 
2obp/w3/  5.00   0.794   0.690 
2obp/w3/  5.50   0.799   0.690 
2obp/w3/  6.00   0.793   0.690 
2oc5/w1/  1.68   0.473   0.400 
2oc5/w1/  2.00   0.584   0.540 
2oc5/w1/  2.50   0.675   0.610 
2oc5/w1/  3.00   0.703   0.650 
2oc5/w1/  3.50   0.726   0.660 
2oc5/w1/  4.00   0.742   0.660 
2oc5/w1/  4.50   0.761   0.670 
2oc5/w1/  5.00   0.762   0.670 
2oc5/w1/  5.50   0.741   0.670 
2oc5/w1/  6.00   0.732   0.670 
2oc5/w2/  1.68   0.604   0.440 
2oc5/w2/  2.00   0.694   0.560 
2oc5/w2/  2.50   0.756   0.630 
2oc5/w2/  3.00   0.773   0.660 
2oc5/w2/  3.50   0.783   0.670 
2oc5/w2/  4.00   0.784   0.670 
2oc5/w2/  4.50   0.785   0.670 
2oc5/w2/  5.00   0.772   0.670 
2oc5/w2/  5.50   0.754   0.670 
2oc5/w2/  6.00   0.741   0.670 
2oc5/w3/  1.68   0.658   0.420 
2oc5/w3/  2.00   0.739   0.560 
2oc5/w3/  2.50   0.785   0.630 
2oc5/w3/  3.00   0.796   0.650 
2oc5/w3/  3.50   0.801   0.660 
2oc5/w3/  4.00   0.797   0.670 
2oc5/w3/  4.50   0.795   0.670 
2oc5/w3/  5.00   0.788   0.670 
2oc5/w3/  5.50   0.771   0.670 
2oc5/w3/  6.00   0.760   0.670 
2od5/w1/  1.79   0.274   0.360 
2od5/w1/  2.00   0.338   0.470 
2od5/w1/  2.50   0.493   0.600 
2od5/w1/  3.00   0.579   0.660 
2od5/w1/  3.50   0.608   0.670 
2od5/w1/  4.00   0.608   0.670 
2od5/w1/  4.50   0.605   0.670 
2od5/w1/  5.00   0.600   0.660 
2od5/w1/  5.50   0.579   0.660 
2od5/w1/  6.00   0.581   0.670 
2od5/w2/  1.85   0.282   0.400 
2od5/w2/  2.00   0.331   0.480 
2od5/w2/  2.50   0.486   0.620 
2od5/w2/  3.00   0.579   0.660 
2od5/w2/  3.50   0.603   0.670 
2od5/w2/  4.00   0.610   0.670 
2od5/w2/  4.50   0.601   0.670 
2od5/w2/  5.00   0.591   0.670 
2od5/w2/  5.50   0.580   0.670 
2od5/w2/  6.00   0.599   0.670 
2od6/w1/  1.85   0.449   0.490 
2od6/w1/  2.50   0.638   0.650 
2od6/w1/  3.00   0.690   0.670 
2od6/w1/  3.50   0.707   0.680 
2od6/w1/  4.00   0.713   0.680 
2od6/w1/  4.50   0.692   0.680 
2od6/w1/  5.00   0.690   0.680 
2od6/w1/  5.50   0.671   0.680 
2od6/w1/  6.00   0.655   0.680 
2od6/w2/  1.90   0.528   0.510 
2od6/w2/  2.50   0.687   0.650 
2od6/w2/  3.00   0.731   0.680 
2od6/w2/  3.50   0.739   0.680 
2od6/w2/  4.00   0.736   0.690 
2od6/w2/  4.50   0.703   0.690 
2od6/w2/  5.00   0.667   0.690 
2od6/w2/  5.50   0.633   0.690 
2od6/w2/  6.00   0.605   0.690 
2od6/w3/  1.90   0.434   0.490 
2od6/w3/  2.50   0.613   0.640 
2od6/w3/  3.00   0.670   0.670 
2od6/w3/  3.50   0.686   0.680 
2od6/w3/  4.00   0.687   0.680 
2od6/w3/  4.50   0.671   0.680 
2od6/w3/  5.00   0.654   0.680 
2od6/w3/  5.50   0.633   0.680 
2od6/w3/  6.00   0.610   0.680 
2oh3/w1/  2.00   0.351   0.550 
2oh3/w1/  2.50   0.533   0.670 
2oh3/w1/  3.00   0.642   0.690 
2oh3/w1/  3.50   0.692   0.690 
2oh3/w1/  4.00   0.689   0.690 
2oh3/w1/  4.50   0.671   0.690 
2oh3/w1/  5.00   0.682   0.690 
2oh3/w1/  5.50   0.671   0.690 
2oh3/w1/  6.00   0.682   0.690 
2oh3/w2/  2.00   0.375   0.560 
2oh3/w2/  2.50   0.552   0.670 
2oh3/w2/  3.00   0.645   0.690 
2oh3/w2/  3.50   0.679   0.690 
2oh3/w2/  4.00   0.683   0.690 
2oh3/w2/  4.50   0.664   0.690 
2oh3/w2/  5.00   0.676   0.690 
2oh3/w2/  5.50   0.666   0.690 
2oh3/w2/  6.00   0.674   0.690 
2okc/w1/  2.20   0.298   0.450 
2okc/w1/  2.50   0.392   0.550 
2okc/w1/  3.00   0.538   0.650 
2okc/w1/  3.50   0.614   0.670 
2okc/w1/  4.00   0.648   0.680 
2okc/w1/  4.50   0.649   0.680 
2okc/w1/  5.00   0.641   0.680 
2okc/w1/  5.50   0.641   0.680 
2okc/w1/  6.00   0.646   0.680 
2okc/w2/  2.21   0.394   0.510 
2okc/w2/  2.50   0.491   0.590 
2okc/w2/  3.00   0.609   0.670 
2okc/w2/  3.50   0.658   0.680 
2okc/w2/  4.00   0.678   0.690 
2okc/w2/  4.50   0.668   0.690 
2okc/w2/  5.00   0.652   0.690 
2okc/w2/  5.50   0.645   0.690 
2okc/w2/  6.00   0.642   0.690 
2okc/w3/  2.21   0.290   0.480 
2okc/w3/  2.50   0.378   0.570 
2okc/w3/  3.00   0.529   0.660 
2okc/w3/  3.50   0.612   0.680 
2okc/w3/  4.00   0.647   0.680 
2okc/w3/  4.50   0.650   0.680 
2okc/w3/  5.00   0.645   0.680 
2okc/w3/  5.50   0.643   0.680 
2okc/w3/  6.00   0.641   0.680 
2okf/w1/  1.60   0.324   0.350 
2okf/w1/  2.00   0.488   0.500 
2okf/w1/  2.50   0.581   0.560 
2okf/w1/  3.00   0.615   0.590 
2okf/w1/  3.50   0.638   0.610 
2okf/w1/  4.00   0.650   0.610 
2okf/w1/  4.50   0.665   0.620 
2okf/w1/  5.00   0.649   0.620 
2okf/w1/  5.50   0.642   0.620 
2okf/w1/  6.00   0.649   0.620 
2okf/w2/  1.60   0.371   0.390 
2okf/w2/  2.00   0.547   0.540 
2okf/w2/  2.50   0.637   0.600 
2okf/w2/  3.00   0.685   0.630 
2okf/w2/  3.50   0.696   0.640 
2okf/w2/  4.00   0.712   0.650 
2okf/w2/  4.50   0.714   0.650 
2okf/w2/  5.00   0.696   0.650 
2okf/w2/  5.50   0.695   0.650 
2okf/w2/  6.00   0.686   0.650 
2okf/w3/  1.60   0.463   0.390 
2okf/w3/  2.00   0.642   0.550 
2okf/w3/  2.50   0.719   0.610 
2okf/w3/  3.00   0.756   0.640 
2okf/w3/  3.50   0.758   0.650 
2okf/w3/  4.00   0.765   0.660 
2okf/w3/  4.50   0.753   0.660 
2okf/w3/  5.00   0.725   0.660 
2okf/w3/  5.50   0.727   0.660 
2okf/w3/  6.00   0.719   0.660 
2ooj/w1/  1.84   0.461   0.420 
2ooj/w1/  2.50   0.614   0.610 
2ooj/w1/  3.00   0.663   0.660 
2ooj/w1/  3.50   0.670   0.670 
2ooj/w1/  4.00   0.666   0.670 
2ooj/w1/  4.50   0.650   0.670 
2ooj/w1/  5.00   0.656   0.670 
2ooj/w1/  5.50   0.644   0.670 
2ooj/w1/  6.00   0.618   0.670 
2opk/w1/  2.10   0.202   0.270 
2opk/w1/  2.50   0.282   0.350 
2opk/w1/  3.00   0.384   0.470 
2opk/w1/  3.50   0.457   0.530 
2opk/w1/  4.00   0.499   0.550 
2opk/w1/  4.50   0.536   0.550 
2opk/w1/  5.00   0.537   0.540 
2opk/w1/  5.50   0.561   0.540 
2opk/w1/  6.00   0.558   0.540 
2opk/w2/  2.10   0.259   0.270 
2opk/w2/  2.50   0.347   0.350 
2opk/w2/  3.00   0.460   0.480 
2opk/w2/  3.50   0.547   0.540 
2opk/w2/  4.00   0.597   0.560 
2opk/w2/  4.50   0.619   0.560 
2opk/w2/  5.00   0.611   0.550 
2opk/w2/  5.50   0.604   0.550 
2opk/w2/  6.00   0.604   0.560 
2opk/w3/  2.10   0.225   0.280 
2opk/w3/  2.50   0.300   0.360 
2opk/w3/  3.00   0.404   0.490 
2opk/w3/  3.50   0.475   0.550 
2opk/w3/  4.00   0.523   0.560 
2opk/w3/  4.50   0.559   0.560 
2opk/w3/  5.00   0.551   0.550 
2opk/w3/  5.50   0.533   0.550 
2opk/w3/  6.00   0.530   0.560 
2osd/w1/  2.30   0.323   0.480 
2osd/w1/  3.00   0.493   0.650 
2osd/w1/  3.50   0.571   0.680 
2osd/w1/  4.00   0.600   0.680 
2osd/w1/  4.50   0.617   0.680 
2osd/w1/  5.00   0.619   0.680 
2osd/w1/  5.50   0.607   0.680 
2osd/w1/  6.00   0.627   0.690 
2osd/w2/  2.30   0.344   0.490 
2osd/w2/  3.00   0.492   0.660 
2osd/w2/  3.50   0.548   0.680 
2osd/w2/  4.00   0.566   0.690 
2osd/w2/  4.50   0.576   0.690 
2osd/w2/  5.00   0.575   0.690 
2osd/w2/  5.50   0.558   0.690 
2osd/w2/  6.00   0.580   0.690 
2osd/w3/  2.30   0.302   0.490 
2osd/w3/  3.00   0.467   0.660 
2osd/w3/  3.50   0.561   0.680 
2osd/w3/  4.00   0.591   0.680 
2osd/w3/  4.50   0.600   0.690 
2osd/w3/  5.00   0.608   0.690 
2osd/w3/  5.50   0.600   0.690 
2osd/w3/  6.00   0.609   0.690 
2otm/w1/  1.85   0.266   0.300 
2otm/w1/  2.50   0.453   0.480 
2otm/w1/  3.00   0.546   0.560 
2otm/w1/  3.50   0.574   0.590 
2otm/w1/  4.00   0.597   0.600 
2otm/w1/  4.50   0.594   0.600 
2otm/w1/  5.00   0.598   0.590 
2otm/w1/  5.50   0.576   0.600 
2otm/w1/  6.00   0.592   0.600 
2otm/w2/  1.85   0.252   0.310 
2otm/w2/  2.50   0.427   0.510 
2otm/w2/  3.00   0.524   0.580 
2otm/w2/  3.50   0.552   0.620 
2otm/w2/  4.00   0.572   0.620 
2otm/w2/  4.50   0.569   0.620 
2otm/w2/  5.00   0.555   0.620 
2otm/w2/  5.50   0.533   0.620 
2otm/w2/  6.00   0.537   0.630 
2otm/w3/  1.90   0.319   0.320 
2otm/w3/  2.50   0.497   0.500 
2otm/w3/  3.00   0.591   0.590 
2otm/w3/  3.50   0.617   0.620 
2otm/w3/  4.00   0.631   0.630 
2otm/w3/  4.50   0.621   0.630 
2otm/w3/  5.00   0.604   0.630 
2otm/w3/  5.50   0.585   0.630 
2otm/w3/  6.00   0.596   0.640 
2ozg/w1/  2.00   0.273   0.260 
2ozg/w1/  2.50   0.437   0.390 
2ozg/w1/  3.00   0.535   0.510 
2ozg/w1/  3.50   0.579   0.550 
2ozg/w1/  4.00   0.593   0.570 
2ozg/w1/  4.50   0.593   0.570 
2ozg/w1/  5.00   0.600   0.580 
2ozg/w1/  5.50   0.598   0.590 
2ozg/w1/  6.00   0.597   0.610 
2ozg/w2/  2.05   0.130   0.330 
2ozg/w2/  2.50   0.217   0.480 
2ozg/w2/  3.00   0.274   0.570 
2ozg/w2/  3.50   0.316   0.610 
2ozg/w2/  4.00   0.324   0.620 
2ozg/w2/  4.50   0.334   0.630 
2ozg/w2/  5.00   0.344   0.630 
2ozg/w2/  5.50   0.365   0.630 
2ozg/w2/  6.00   0.377   0.650 
2ozg/w3/  2.05   0.378   0.300 
2ozg/w3/  2.50   0.543   0.430 
2ozg/w3/  3.00   0.644   0.540 
2ozg/w3/  3.50   0.678   0.590 
2ozg/w3/  4.00   0.683   0.600 
2ozg/w3/  4.50   0.660   0.610 
2ozg/w3/  5.00   0.654   0.610 
2ozg/w3/  5.50   0.646   0.610 
2ozg/w3/  6.00   0.644   0.630 
2ozj/w1/  1.60   0.478   0.560 
2ozj/w1/  2.00   0.649   0.670 
2ozj/w1/  2.50   0.728   0.690 
2ozj/w1/  3.00   0.764   0.690 
2ozj/w1/  3.50   0.757   0.690 
2ozj/w1/  4.00   0.757   0.690 
2ozj/w1/  4.50   0.731   0.690 
2ozj/w1/  5.00   0.712   0.690 
2ozj/w1/  5.50   0.690   0.690 
2ozj/w1/  6.00   0.658   0.690 
2ozj/w2/  1.60   0.285   0.580 
2ozj/w2/  2.00   0.452   0.680 
2ozj/w2/  2.50   0.588   0.690 
2ozj/w2/  3.00   0.649   0.690 
2ozj/w2/  3.50   0.644   0.690 
2ozj/w2/  4.00   0.655   0.690 
2ozj/w2/  4.50   0.641   0.690 
2ozj/w2/  5.00   0.635   0.690 
2ozj/w2/  5.50   0.619   0.690 
2ozj/w2/  6.00   0.597   0.690 
2ozj/w3/  1.60   0.317   0.570 
2ozj/w3/  2.00   0.513   0.680 
2ozj/w3/  2.50   0.655   0.690 
2ozj/w3/  3.00   0.709   0.690 
2ozj/w3/  3.50   0.717   0.690 
2ozj/w3/  4.00   0.720   0.690 
2ozj/w3/  4.50   0.690   0.690 
2ozj/w3/  5.00   0.678   0.690 
2ozj/w3/  5.50   0.656   0.690 
2ozj/w3/  6.00   0.632   0.690 
2p10/w1/  2.15   0.263   0.320 
2p10/w1/  2.50   0.335   0.410 
2p10/w1/  3.00   0.453   0.540 
2p10/w1/  3.50   0.545   0.610 
2p10/w1/  4.00   0.594   0.630 
2p10/w1/  4.50   0.619   0.640 
2p10/w1/  5.00   0.617   0.640 
2p10/w1/  5.50   0.627   0.650 
2p10/w1/  6.00   0.636   0.660 
2p10/w2/  2.15   0.114   0.400 
2p10/w2/  2.50   0.150   0.520 
2p10/w2/  3.00   0.222   0.620 
2p10/w2/  3.50   0.291   0.660 
2p10/w2/  4.00   0.344   0.670 
2p10/w2/  4.50   0.386   0.670 
2p10/w2/  5.00   0.407   0.670 
2p10/w2/  5.50   0.422   0.680 
2p10/w2/  6.00   0.441   0.680 
2p4o/w1/  1.90   0.310   0.300 
2p4o/w1/  2.50   0.505   0.510 
2p4o/w1/  3.00   0.570   0.580 
2p4o/w1/  3.50   0.591   0.600 
2p4o/w1/  4.00   0.604   0.620 
2p4o/w1/  4.50   0.610   0.620 
2p4o/w1/  5.00   0.606   0.630 
2p4o/w1/  5.50   0.608   0.630 
2p4o/w1/  6.00   0.619   0.640 
2p4o/w2/  1.95   0.432   0.340 
2p4o/w2/  2.50   0.613   0.530 
2p4o/w2/  3.00   0.666   0.600 
2p4o/w2/  3.50   0.679   0.630 
2p4o/w2/  4.00   0.682   0.640 
2p4o/w2/  4.50   0.685   0.640 
2p4o/w2/  5.00   0.679   0.650 
2p4o/w2/  5.50   0.673   0.650 
2p4o/w2/  6.00   0.678   0.660 
2p4o/w3/  1.90   0.303   0.320 
2p4o/w3/  2.50   0.506   0.530 
2p4o/w3/  3.00   0.571   0.600 
2p4o/w3/  3.50   0.590   0.620 
2p4o/w3/  4.00   0.601   0.630 
2p4o/w3/  4.50   0.618   0.640 
2p4o/w3/  5.00   0.634   0.640 
2p4o/w3/  5.50   0.634   0.640 
2p4o/w3/  6.00   0.648   0.650 
2p7h/w1/  1.85   0.337   0.270 
2p7h/w1/  2.50   0.565   0.440 
2p7h/w1/  3.00   0.651   0.530 
2p7h/w1/  3.50   0.681   0.570 
2p7h/w1/  4.00   0.690   0.580 
2p7h/w1/  4.50   0.694   0.580 
2p7h/w1/  5.00   0.687   0.590 
2p7h/w1/  5.50   0.681   0.600 
2p7h/w1/  6.00   0.661   0.600 
2p7i/w1/  1.74   0.322   0.330 
2p7i/w1/  2.00   0.424   0.450 
2p7i/w1/  2.50   0.614   0.590 
2p7i/w1/  3.00   0.711   0.650 
2p7i/w1/  3.50   0.742   0.660 
2p7i/w1/  4.00   0.748   0.670 
2p7i/w1/  4.50   0.747   0.670 
2p7i/w1/  5.00   0.746   0.670 
2p7i/w1/  5.50   0.733   0.670 
2p7i/w1/  6.00   0.699   0.670 
2p7i/w2/  1.79   0.381   0.330 
2p7i/w2/  2.00   0.471   0.410 
2p7i/w2/  2.50   0.655   0.570 
2p7i/w2/  3.00   0.744   0.630 
2p7i/w2/  3.50   0.767   0.660 
2p7i/w2/  4.00   0.768   0.660 
2p7i/w2/  4.50   0.764   0.660 
2p7i/w2/  5.00   0.760   0.660 
2p7i/w2/  5.50   0.735   0.670 
2p7i/w2/  6.00   0.698   0.670 
2p97/w1/  1.65   0.474   0.360 
2p97/w1/  2.00   0.602   0.520 
2p97/w1/  2.50   0.704   0.630 
2p97/w1/  3.00   0.743   0.670 
2p97/w1/  3.50   0.747   0.670 
2p97/w1/  4.00   0.743   0.680 
2p97/w1/  4.50   0.741   0.670 
2p97/w1/  5.00   0.730   0.670 
2p97/w1/  5.50   0.711   0.670 
2p97/w1/  6.00   0.702   0.670 
2p97/w2/  1.65   0.317   0.310 
2p97/w2/  2.00   0.446   0.480 
2p97/w2/  2.50   0.561   0.580 
2p97/w2/  3.00   0.613   0.630 
2p97/w2/  3.50   0.640   0.640 
2p97/w2/  4.00   0.647   0.640 
2p97/w2/  4.50   0.652   0.640 
2p97/w2/  5.00   0.648   0.640 
2p97/w2/  5.50   0.635   0.630 
2p97/w2/  6.00   0.620   0.630 
2p97/w3/  1.65   0.286   0.300 
2p97/w3/  2.00   0.410   0.450 
2p97/w3/  2.50   0.523   0.550 
2p97/w3/  3.00   0.570   0.600 
2p97/w3/  3.50   0.589   0.620 
2p97/w3/  4.00   0.596   0.620 
2p97/w3/  4.50   0.603   0.610 
2p97/w3/  5.00   0.615   0.610 
2p97/w3/  5.50   0.611   0.600 
2p97/w3/  6.00   0.603   0.600 
2p97/w4/  1.65   0.390   0.300 
2p97/w4/  2.00   0.519   0.460 
2p97/w4/  2.50   0.631   0.570 
2p97/w4/  3.00   0.678   0.630 
2p97/w4/  3.50   0.693   0.640 
2p97/w4/  4.00   0.700   0.640 
2p97/w4/  4.50   0.700   0.640 
2p97/w4/  5.00   0.697   0.640 
2p97/w4/  5.50   0.680   0.640 
2p97/w4/  6.00   0.672   0.640 
2pg3/w1/  2.40   0.473   0.410 
2pg3/w1/  3.00   0.633   0.580 
2pg3/w1/  3.50   0.675   0.630 
2pg3/w1/  4.00   0.689   0.650 
2pg3/w1/  4.50   0.687   0.650 
2pg3/w1/  5.00   0.679   0.650 
2pg3/w1/  5.50   0.671   0.660 
2pg3/w1/  6.00   0.677   0.660 
2pg4/w1/  2.21   0.185   0.330 
2pg4/w1/  2.50   0.223   0.420 
2pg4/w1/  3.00   0.283   0.530 
2pg4/w1/  3.50   0.341   0.590 
2pg4/w1/  4.00   0.383   0.610 
2pg4/w1/  4.50   0.388   0.620 
2pg4/w1/  5.00   0.396   0.620 
2pg4/w1/  5.50   0.416   0.630 
2pg4/w1/  6.00   0.424   0.640 
2pg4/w2/  2.21   0.272   0.370 
2pg4/w2/  2.50   0.322   0.470 
2pg4/w2/  3.00   0.391   0.580 
2pg4/w2/  3.50   0.434   0.620 
2pg4/w2/  4.00   0.462   0.640 
2pg4/w2/  4.50   0.444   0.650 
2pg4/w2/  5.00   0.431   0.650 
2pg4/w2/  5.50   0.443   0.660 
2pg4/w2/  6.00   0.445   0.660 
2pgc/w1/  2.53   0.282   0.490 
2pgc/w1/  3.00   0.399   0.600 
2pgc/w1/  3.50   0.522   0.660 
2pgc/w1/  4.00   0.587   0.670 
2pgc/w1/  4.50   0.609   0.670 
2pgc/w1/  5.00   0.609   0.670 
2pgc/w1/  5.50   0.606   0.680 
2pgc/w1/  6.00   0.607   0.680 
2pgc/w2/  2.60   0.269   0.500 
2pgc/w2/  3.00   0.359   0.580 
2pgc/w2/  3.50   0.484   0.650 
2pgc/w2/  4.00   0.548   0.670 
2pgc/w2/  4.50   0.577   0.670 
2pgc/w2/  5.00   0.576   0.670 
2pgc/w2/  5.50   0.576   0.670 
2pgc/w2/  6.00   0.582   0.680 
2pim/w1/  2.20   0.406   0.480 
2pim/w1/  2.50   0.502   0.580 
2pim/w1/  3.00   0.634   0.660 
2pim/w1/  3.50   0.696   0.680 
2pim/w1/  4.00   0.711   0.680 
2pim/w1/  4.50   0.696   0.680 
2pim/w1/  5.00   0.680   0.680 
2pim/w1/  5.50   0.694   0.680 
2pim/w1/  6.00   0.701   0.690 
2pim/w2/  2.20   0.530   0.500 
2pim/w2/  2.50   0.612   0.590 
2pim/w2/  3.00   0.701   0.670 
2pim/w2/  3.50   0.737   0.680 
2pim/w2/  4.00   0.730   0.690 
2pim/w2/  4.50   0.713   0.690 
2pim/w2/  5.00   0.694   0.680 
2pim/w2/  5.50   0.705   0.690 
2pim/w2/  6.00   0.708   0.690 
2pn1/w1/  2.00   0.217   0.220 
2pn1/w1/  2.50   0.291   0.310 
2pn1/w1/  3.00   0.365   0.380 
2pn1/w1/  3.50   0.453   0.440 
2pn1/w1/  4.00   0.486   0.460 
2pn1/w1/  4.50   0.484   0.470 
2pn1/w1/  5.00   0.477   0.460 
2pn1/w1/  5.50   0.479   0.460 
2pn1/w1/  6.00   0.489   0.480 
2pn1/w2/  2.00   0.315   0.240 
2pn1/w2/  2.50   0.405   0.330 
2pn1/w2/  3.00   0.488   0.420 
2pn1/w2/  3.50   0.553   0.480 
2pn1/w2/  4.00   0.585   0.500 
2pn1/w2/  4.50   0.578   0.500 
2pn1/w2/  5.00   0.571   0.490 
2pn1/w2/  5.50   0.556   0.500 
2pn1/w2/  6.00   0.542   0.510 
2pnk/w1/  2.00   0.295   0.370 
2pnk/w1/  2.50   0.446   0.530 
2pnk/w1/  3.00   0.577   0.610 
2pnk/w1/  3.50   0.644   0.650 
2pnk/w1/  4.00   0.669   0.660 
2pnk/w1/  4.50   0.673   0.660 
2pnk/w1/  5.00   0.671   0.660 
2pnk/w1/  5.50   0.670   0.660 
2pnk/w1/  6.00   0.667   0.670 
2pnk/w2/  2.00   0.331   0.420 
2pnk/w2/  2.50   0.459   0.550 
2pnk/w2/  3.00   0.580   0.630 
2pnk/w2/  3.50   0.635   0.660 
2pnk/w2/  4.00   0.653   0.670 
2pnk/w2/  4.50   0.652   0.670 
2pnk/w2/  5.00   0.644   0.670 
2pnk/w2/  5.50   0.640   0.670 
2pnk/w2/  6.00   0.634   0.670 
2ppv/w1/  2.00   0.196   0.320 
2ppv/w1/  2.50   0.338   0.490 
2ppv/w1/  3.00   0.447   0.580 
2ppv/w1/  3.50   0.526   0.620 
2ppv/w1/  4.00   0.567   0.640 
2ppv/w1/  4.50   0.586   0.640 
2ppv/w1/  5.00   0.597   0.640 
2ppv/w1/  5.50   0.606   0.650 
2ppv/w1/  6.00   0.595   0.650 
2ppv/w2/  2.11   0.198   0.280 
2ppv/w2/  2.50   0.304   0.370 
2ppv/w2/  3.00   0.424   0.500 
2ppv/w2/  3.50   0.530   0.560 
2ppv/w2/  4.00   0.599   0.580 
2ppv/w2/  4.50   0.637   0.590 
2ppv/w2/  5.00   0.644   0.590 
2ppv/w2/  5.50   0.662   0.600 
2ppv/w2/  6.00   0.654   0.600 
2pr7/w1/  1.44   0.286   0.340 
2pr7/w1/  2.00   0.421   0.510 
2pr7/w1/  2.50   0.474   0.560 
2pr7/w1/  3.00   0.487   0.580 
2pr7/w1/  3.50   0.493   0.590 
2pr7/w1/  4.00   0.498   0.590 
2pr7/w1/  4.50   0.490   0.590 
2pr7/w1/  5.00   0.493   0.590 
2pr7/w1/  5.50   0.481   0.590 
2pr7/w1/  6.00   0.477   0.590 
2pr7/w2/  1.55   0.247   0.430 
2pr7/w2/  2.00   0.340   0.550 
2pr7/w2/  2.50   0.393   0.600 
2pr7/w2/  3.00   0.407   0.620 
2pr7/w2/  3.50   0.412   0.630 
2pr7/w2/  4.00   0.424   0.630 
2pr7/w2/  4.50   0.425   0.630 
2pr7/w2/  5.00   0.434   0.630 
2pr7/w2/  5.50   0.443   0.630 
2pr7/w2/  6.00   0.461   0.630 
2prv/w1/  1.30   0.341   0.290 
2prv/w1/  2.00   0.560   0.500 
2prv/w1/  2.50   0.576   0.540 
2prv/w1/  3.00   0.566   0.560 
2prv/w1/  3.50   0.573   0.570 
2prv/w1/  4.00   0.572   0.570 
2prv/w1/  4.50   0.559   0.570 
2prv/w1/  5.00   0.536   0.570 
2prv/w1/  5.50   0.521   0.570 
2prv/w1/  6.00   0.521   0.570 
2prv/w2/  1.30   0.253   0.300 
2prv/w2/  2.00   0.416   0.510 
2prv/w2/  2.50   0.427   0.550 
2prv/w2/  3.00   0.414   0.580 
2prv/w2/  3.50   0.406   0.580 
2prv/w2/  4.00   0.398   0.590 
2prv/w2/  4.50   0.391   0.590 
2prv/w2/  5.00   0.398   0.580 
2prv/w2/  5.50   0.386   0.580 
2prv/w2/  6.00   0.385   0.580 
2prv/w3/  1.37   0.368   0.340 
2prv/w3/  2.00   0.571   0.550 
2prv/w3/  2.50   0.607   0.610 
2prv/w3/  3.00   0.603   0.630 
2prv/w3/  3.50   0.600   0.640 
2prv/w3/  4.00   0.612   0.640 
2prv/w3/  4.50   0.609   0.640 
2prv/w3/  5.00   0.596   0.640 
2prv/w3/  5.50   0.586   0.640 
2prv/w3/  6.00   0.593   0.640 
2pv4/w1/  1.95   0.479   0.390 
2pv4/w1/  2.50   0.649   0.570 
2pv4/w1/  3.00   0.677   0.630 
2pv4/w1/  3.50   0.675   0.650 
2pv4/w1/  4.00   0.643   0.650 
2pv4/w1/  4.50   0.613   0.660 
2pv4/w1/  5.00   0.559   0.660 
2pv4/w1/  5.50   0.553   0.660 
2pv4/w1/  6.00   0.525   0.660 
2pv4/w2/  1.95   0.618   0.400 
2pv4/w2/  2.50   0.713   0.570 
2pv4/w2/  3.00   0.720   0.630 
2pv4/w2/  3.50   0.713   0.650 
2pv4/w2/  4.00   0.686   0.650 
2pv4/w2/  4.50   0.662   0.650 
2pv4/w2/  5.00   0.625   0.650 
2pv4/w2/  5.50   0.617   0.660 
2pv4/w2/  6.00   0.609   0.660 
2pv4/w3/  1.95   0.642   0.400 
2pv4/w3/  2.50   0.738   0.580 
2pv4/w3/  3.00   0.746   0.630 
2pv4/w3/  3.50   0.735   0.650 
2pv4/w3/  4.00   0.704   0.650 
2pv4/w3/  4.50   0.676   0.650 
2pv4/w3/  5.00   0.635   0.660 
2pv4/w3/  5.50   0.612   0.660 
2pv4/w3/  6.00   0.602   0.660 
2pw4/w1/  1.45   0.340   0.330 
2pw4/w1/  2.00   0.572   0.540 
2pw4/w1/  2.50   0.635   0.610 
2pw4/w1/  3.00   0.656   0.640 
2pw4/w1/  3.50   0.652   0.650 
2pw4/w1/  4.00   0.652   0.650 
2pw4/w1/  4.50   0.637   0.650 
2pw4/w1/  5.00   0.626   0.640 
2pw4/w1/  5.50   0.629   0.650 
2pw4/w1/  6.00   0.619   0.650 
2pw4/w2/  1.45   0.331   0.350 
2pw4/w2/  2.00   0.563   0.560 
2pw4/w2/  2.50   0.628   0.620 
2pw4/w2/  3.00   0.652   0.650 
2pw4/w2/  3.50   0.661   0.650 
2pw4/w2/  4.00   0.661   0.660 
2pw4/w2/  4.50   0.653   0.660 
2pw4/w2/  5.00   0.631   0.650 
2pw4/w2/  5.50   0.630   0.650 
2pw4/w2/  6.00   0.604   0.660 
2pw4/w3/  1.45   0.374   0.350 
2pw4/w3/  2.00   0.615   0.570 
2pw4/w3/  2.50   0.667   0.630 
2pw4/w3/  3.00   0.675   0.660 
2pw4/w3/  3.50   0.678   0.660 
2pw4/w3/  4.00   0.667   0.660 
2pw4/w3/  4.50   0.647   0.660 
2pw4/w3/  5.00   0.636   0.660 
2pw4/w3/  5.50   0.640   0.660 
2pw4/w3/  6.00   0.612   0.670 
