Total of 228 directories 
     key    d_min cc_exptl     CC*
1vjn/w1/  2.00   0.272   0.361 
1vjn/w2/  3.00   0.306   0.476 
1vjn/w3/  3.00   0.378   0.672 
1vjr/w1/  2.40   0.337   0.470 
1vjr/w2/  2.50   0.123   0.317 
1vjr/w3/  2.50   0.044   0.046 
1vjz/w1/  2.05   0.032   0.055 
1vjz/w2/  2.50   0.370   0.391 
1vjz/w3/  2.50   0.332   0.407 
1vk4/w1/  1.91   0.509   0.635 
1vk4/w2/  2.00   0.512   0.684 
1vk4/w3/  2.00   0.512   0.684 
1vkm/w1/  2.18   0.144   0.057 
1vkm/w2/  2.18   0.425   0.349 
1vkm/w3/  2.18   0.468   0.482 
1vlm/w1/  2.20   0.066   0.031 
1vlm/w2/  2.20   0.274   0.195 
1vlm/w3/  2.79   0.296   0.268 
1vqr/w1/  2.25   0.308   0.417 
1xri/w1/  3.49   0.368   0.524 
1y7e/w1/  3.20   0.378   0.527 
1z82/w1/  2.00   0.397   0.284 
1z82/w2/  2.00   0.413   0.425 
1zy9/w1/  2.34   0.183   0.130 
1zy9/w2/  2.37   0.209   0.152 
1zy9/w3/  2.99   0.202   0.217 
1zyb/w1/  2.10   0.237   0.177 
1zyb/w2/  2.10   0.304   0.266 
2a2o/w1/  2.16   0.351   0.492 
2a2o/w2/  2.16   0.296   0.309 
2a3n/w1/  1.23   0.532   0.620 
2a3n/w2/  1.34   0.546   0.784 
2a3n/w3/  1.23   0.535   0.670 
2a6b/w1/  1.70   0.176   0.082 
2a6b/w2/  2.11   0.321   0.110 
2a6b/w3/  2.11   0.358   0.174 
2a6b/w4/  2.11   0.283   0.108 
2aj2/w1/  3.21   0.389   0.572 
2aml/w1/  1.50   0.457   0.404 
2aml/w2/  1.50   0.507   0.625 
2avn/w1/  2.35   0.321   0.306 
2avn/w2/  2.44   0.283   0.210 
2avn/w3/  2.44   0.311   0.213 
2b8m/w1/  1.70   0.420   0.391 
2b8m/w2/  1.80   0.308   0.214 
2b8m/w3/  1.80   0.213   0.053 
2etd/w1/  2.28   0.124   0.066 
2etd/w2/  2.28   0.244   0.340 
2etd/w3/  2.29   0.270   0.404 
2etj/w1/  1.74   0.314   0.371 
2etj/w2/  1.74   0.159   0.060 
2ets/w1/  2.25   0.264   0.426 
2etv/w1/  1.70   0.206   0.178 
2etv/w2/  1.70   0.283   0.220 
2evr/w1/  1.60   0.151   0.045 
2evr/w2/  1.60   0.336   0.318 
2f4p/w1/  1.90   0.065   0.026 
2f4p/w2/  1.90   0.232   0.250 
2fea/w1/  2.00   0.149   0.161 
2fea/w2/  2.00   0.380   0.352 
2ffj/w1/  2.45   0.292   0.296 
2ffj/w2/  2.66   0.196   0.231 
2ffj/w3/  2.45   0.250   0.192 
2fg0/w1/  1.79   0.152   0.041 
2fg0/w2/  1.79   0.318   0.236 
2fg9/w1/  2.20   0.379   0.521 
2fg9/w2/  2.20   0.376   0.633 
2fg9/w3/  2.20   0.329   0.175 
2fna/w1/  2.00   0.270   0.251 
2fna/w2/  2.00   0.213   0.175 
2fqp/w1/  1.80   0.232   0.141 
2fqp/w2/  1.80   0.345   0.342 
2fur/w1/  1.80   0.332   0.288 
2fur/w2/  1.80   0.067   0.049 
2fur/w3/  1.90   0.376   0.326 
2fzt/w1/  2.05   0.329   0.280 
2fzt/w2/  2.05   0.110   0.045 
2g0t/w1/  2.67   0.306   0.260 
2g0t/w2/  2.82   0.055   0.103 
2g0t/w3/  2.74   0.177   0.139 
2g42/w1/  2.28   0.339   0.302 
2gc9/w1/  1.70   0.412   0.236 
2gc9/w2/  1.70   0.378   0.255 
2nlv/w1/  1.30   0.236   0.071 
2nlv/w2/  1.30   0.458   0.508 
2nlv/w3/  1.33   0.430   0.472 
2nuj/w1/  2.00   0.401   0.427 
2nwv/w1/  1.85   0.287   0.206 
2nwv/w2/  1.90   0.279   0.194 
2nwv/w3/  1.95   0.079   0.006 
2o08/w1/  1.90   0.284   0.049 
2o08/w2/  2.47   0.196   0.257 
2o08/w3/  2.47   0.308   0.368 
2o08/w4/  2.46   0.308   0.290 
2o1q/w1/  1.50   0.319   0.175 
2o1q/w2/  2.00   0.367   0.326 
2o1q/w3/  2.00   0.437   0.410 
2o1q/w4/  2.00   0.422   0.341 
2o2x/w1/  1.50   0.502   0.486 
2o2x/w2/  1.50   0.448   0.497 
2o2z/w1/  2.60   0.373   0.385 
2o3l/w1/  2.05   0.396   0.605 
2o3l/w2/  2.00   0.337   0.410 
2o3l/w3/  2.00   0.388   0.506 
2o62/w1/  1.75   0.311   0.276 
2o7t/w1/  2.10   0.349   0.286 
2o7t/w2/  2.10   0.367   0.372 
2o8q/w1/  1.55   0.382   0.311 
2o8q/w2/  2.48   0.352   0.353 
2o8q/w3/  2.48   0.349   0.350 
2o8q/w4/  2.48   0.322   0.278 
2obp/w1/  1.70   0.425   0.459 
2obp/w2/  1.70   0.426   0.508 
2obp/w3/  1.70   0.442   0.593 
2oc5/w1/  1.68   0.437   0.473 
2oc5/w2/  1.68   0.451   0.604 
2oc5/w3/  1.68   0.472   0.658 
2od5/w1/  1.79   0.281   0.274 
2od5/w2/  1.85   0.294   0.282 
2od6/w1/  1.85   0.436   0.449 
2od6/w2/  1.90   0.437   0.528 
2od6/w3/  1.90   0.379   0.434 
2oh3/w1/  2.00   0.398   0.351 
2oh3/w2/  2.00   0.390   0.375 
2okc/w1/  2.20   0.376   0.298 
2okc/w2/  2.21   0.392   0.394 
2okc/w3/  2.21   0.360   0.290 
2okf/w1/  1.60   0.352   0.324 
2okf/w2/  1.60   0.368   0.371 
2okf/w3/  1.60   0.398   0.463 
2ooj/w1/  1.84   0.380   0.461 
2opk/w1/  2.10   0.304   0.202 
2opk/w2/  2.10   0.336   0.259 
2opk/w3/  2.10   0.290   0.225 
2osd/w1/  2.30   0.360   0.323 
2osd/w2/  2.30   0.351   0.344 
2osd/w3/  2.30   0.350   0.302 
2otm/w1/  1.85   0.349   0.266 
2otm/w2/  1.85   0.316   0.252 
2otm/w3/  1.90   0.359   0.319 
2ozg/w1/  2.00   0.338   0.273 
2ozg/w2/  2.05   0.168   0.130 
2ozg/w3/  2.05   0.367   0.378 
2ozj/w1/  1.60   0.482   0.478 
2ozj/w2/  1.60   0.391   0.285 
2ozj/w3/  1.60   0.418   0.317 
2p10/w1/  2.15   0.338   0.263 
2p10/w2/  2.15   0.193   0.114 
2p4o/w1/  1.90   0.310   0.310 
2p4o/w2/  1.95   0.348   0.432 
2p4o/w3/  1.90   0.295   0.303 
2p7h/w1/  1.85   0.377   0.337 
2p7i/w1/  1.74   0.375   0.322 
2p7i/w2/  1.79   0.364   0.381 
2p97/w1/  1.65   0.417   0.474 
2p97/w2/  1.65   0.349   0.317 
2p97/w3/  1.65   0.330   0.286 
2p97/w4/  1.65   0.387   0.390 
2pg3/w1/  2.40   0.362   0.473 
2pg4/w1/  2.21   0.179   0.185 
2pg4/w2/  2.21   0.296   0.272 
2pgc/w1/  2.53   0.308   0.282 
2pgc/w2/  2.60   0.278   0.269 
2pim/w1/  2.20   0.380   0.406 
2pim/w2/  2.20   0.385   0.530 
2pn1/w1/  2.00   0.303   0.217 
2pn1/w2/  2.00   0.327   0.315 
2pnk/w1/  2.00   0.387   0.295 
2pnk/w2/  2.00   0.364   0.331 
2ppv/w1/  2.00   0.270   0.196 
2ppv/w2/  2.11   0.281   0.198 
2pr1/w1/  3.20  -1.000   0.502 
2pr7/w1/  1.44   0.199   0.286 
2pr7/w2/  1.55   0.176   0.247 
2prv/w1/  1.30   0.304   0.341 
2prv/w2/  1.30   0.247   0.253 
2prv/w3/  1.37   0.350   0.368 
2pv4/w1/  1.95   0.407   0.479 
2pv4/w2/  1.95   0.406   0.618 
2pv4/w3/  1.95   0.429   0.642 
2pw4/w1/  1.45   0.416   0.340 
2pw4/w2/  1.45   0.407   0.331 
2pw4/w3/  1.45   0.447   0.374 
2wcd/w1/  3.29   0.027   0.080 
2xdd/w1/  3.20   0.036   0.071 
2zxh/w1/  3.20   0.274   0.301 
3caz/w1/  3.34   0.247   0.317 
3din/w1/  4.50   0.006   0.045 
3dto/w1/  3.32   0.209   0.272 
3fx0/w1/  3.29   0.066   0.346 
3guw/w1/  3.20   0.219   0.240 
3gw7/w1/  3.30   0.232   0.223 
3hxk/w1/  3.20   0.133   0.183 
3hxp/w1/  3.20   0.268   0.423 
3lml/w1/  3.30   0.344   0.487 
3mv3/w1/  3.25   0.227   0.375 
3ov0/w1/  3.20   0.357   0.424 
3pg5/w1/  3.30   0.286   0.368 
3zgx/w1/  3.40   0.244   0.319 
3zxu/w1/  3.80  -1.000   0.317 
4acb/w1/  3.34   0.221   0.390 
4asn/w1/  3.50   0.218   0.526 
4bql/w1/  3.34   0.213   0.274 
4cb0/w1/  3.30   0.174   0.481 
4cbv/w1/  3.40   0.216   0.261 
4fsx/w1/  3.20   0.294   0.324 
4g9i/w1/  4.50   0.176   0.347 
4gkw/w1/  3.30   0.044   0.304 
4h6y/w1/  4.09   0.028   0.385 
4hkr/w1/  3.35  -1.000   0.037 
4hnd/w1/  3.20   0.256   0.305 
4ifq/w1/  3.25   0.304   0.448 
4lck/w1/  3.20   0.248   0.247 
4m2s/w1/  4.31   0.012   0.105 
4nsc/w1/  3.20   0.336   0.491 
4nt5/w1/  3.28   0.178   0.338 
4px7/w1/  3.20   0.256   0.385 
4q8j/w1/  3.80   0.031   0.218 
4qka/w1/  3.20  -1.000   0.544 
4tq5/w1/  3.20   0.272   0.345 
