Total of 228 directories 
     key    d_min fraction_found  Signal
1vjn/w1/  2.00   0.500  14.990 
1vjn/w1/  2.50   0.500  13.660 
1vjn/w1/  3.00   0.875  11.570 
1vjn/w1/  3.50   0.500   9.290 
1vjn/w1/  4.00   0.500   7.580 
1vjn/w1/  4.50   0.375   6.280 
1vjn/w1/  5.00   0.250   4.990 
1vjn/w1/  5.50   0.250   4.170 
1vjn/w1/  6.00   0.375   4.010 
1vjn/w2/  3.00   1.000  12.670 
1vjn/w2/  3.50   0.875  11.000 
1vjn/w2/  4.00   1.000  10.180 
1vjn/w2/  4.50   1.000   8.880 
1vjn/w2/  5.00   1.000   7.750 
1vjn/w2/  5.50   0.750   6.940 
1vjn/w2/  6.00   0.875   6.330 
1vjn/w3/  3.00   1.000  17.370 
1vjn/w3/  3.50   1.000  14.630 
1vjn/w3/  4.00   1.000  12.780 
1vjn/w3/  4.50   1.000  10.880 
1vjn/w3/  5.00   1.000   9.120 
1vjn/w3/  5.50   1.000   7.910 
1vjn/w3/  6.00   1.000   7.140 
1vjr/w1/  2.40   1.000  23.260 
1vjr/w1/  3.00   1.000  24.690 
1vjr/w1/  3.50   1.000  21.690 
1vjr/w1/  4.00   1.000  18.770 
1vjr/w1/  4.50   1.000  15.710 
1vjr/w1/  5.00   1.000  13.260 
1vjr/w1/  5.50   1.000  11.430 
1vjr/w1/  6.00   1.000   9.920 
1vjr/w2/  2.50   0.000  15.740 
1vjr/w2/  3.00   0.167  17.820 
1vjr/w2/  3.50   0.000  16.980 
1vjr/w2/  4.00   0.000  15.500 
1vjr/w2/  4.50   0.000  13.530 
1vjr/w2/  5.00   0.000  11.830 
1vjr/w2/  5.50   0.000  10.460 
1vjr/w2/  6.00   0.000   9.210 
1vjr/w3/  2.50   0.000   2.210 
1vjr/w3/  3.00   0.167   3.360 
1vjr/w3/  3.50   0.000   3.720 
1vjr/w3/  4.00   0.333   3.720 
1vjr/w3/  4.50   0.000   3.640 
1vjr/w3/  5.00   0.000   3.230 
1vjr/w3/  5.50   0.000   3.190 
1vjr/w3/  6.00   0.000   3.000 
1vjz/w1/  2.05   0.000   3.240 
1vjz/w1/  2.50   0.000   3.400 
1vjz/w1/  3.00   0.000   3.740 
1vjz/w1/  3.50   0.200   4.240 
1vjz/w1/  4.00   0.000   3.900 
1vjz/w1/  4.50   0.000   3.330 
1vjz/w1/  5.00   0.000   2.740 
1vjz/w1/  5.50   0.000   2.360 
1vjz/w1/  6.00   0.000   2.400 
1vjz/w2/  2.50   1.000  17.540 
1vjz/w2/  3.00   0.200  18.110 
1vjz/w2/  3.50   1.000  18.420 
1vjz/w2/  4.00   1.000  16.700 
1vjz/w2/  4.50   1.000  14.050 
1vjz/w2/  5.00   1.000  11.820 
1vjz/w2/  5.50   1.000  10.410 
1vjz/w2/  6.00   1.000   9.640 
1vjz/w3/  2.50   1.000  16.850 
1vjz/w3/  2.50   1.000  16.840 
1vjz/w3/  3.00   1.000  16.770 
1vjz/w3/  3.50   1.000  16.770 
1vjz/w3/  4.00   1.000  15.130 
1vjz/w3/  4.50   1.000  12.790 
1vjz/w3/  5.00   1.000  10.510 
1vjz/w3/  5.50   1.000   8.980 
1vjz/w3/  6.00   1.000   8.420 
1vk4/w1/  1.91   1.000  29.220 
1vk4/w1/  2.50   1.000  26.740 
1vk4/w1/  3.00   1.000  20.200 
1vk4/w1/  3.50   1.000  16.130 
1vk4/w1/  4.00   1.000  13.000 
1vk4/w1/  4.50   1.000  10.520 
1vk4/w1/  5.00   1.000   9.330 
1vk4/w1/  5.50   0.167   7.680 
1vk4/w1/  6.00   0.000   7.040 
1vk4/w2/  2.00   1.000  29.610 
1vk4/w2/  2.50   1.000  27.410 
1vk4/w2/  3.00   1.000  20.790 
1vk4/w2/  3.50   1.000  16.660 
1vk4/w2/  4.00   1.000  13.270 
1vk4/w2/  4.50   1.000  10.690 
1vk4/w2/  5.00   1.000   9.330 
1vk4/w2/  5.50   0.167   7.730 
1vk4/w2/  6.00   0.167   7.100 
1vk4/w3/  2.00   1.000  29.610 
1vk4/w3/  2.50   1.000  27.410 
1vk4/w3/  3.00   1.000  20.790 
1vk4/w3/  3.50   1.000  16.660 
1vk4/w3/  4.00   1.000  13.270 
1vk4/w3/  4.50   1.000  10.690 
1vk4/w3/  5.00   1.000   9.330 
1vk4/w3/  5.50   0.167   7.730 
1vk4/w3/  6.00   0.167   7.100 
1vkm/w1/  2.18   0.000   1.460 
1vkm/w1/  2.50   0.014   1.780 
1vkm/w1/  3.00   0.014   2.250 
1vkm/w1/  3.50   0.014   2.490 
1vkm/w1/  4.00   0.014   2.380 
1vkm/w1/  4.50   0.014   2.220 
1vkm/w1/  5.00   0.014   2.150 
1vkm/w1/  5.50   0.014   2.130 
1vkm/w1/  6.00   0.014   2.130 
1vkm/w2/  2.18   0.000   8.710 
1vkm/w2/  2.50   0.014   9.530 
1vkm/w2/  3.00   0.000   9.700 
1vkm/w2/  3.50   0.014   8.710 
1vkm/w2/  4.00   0.014   7.750 
1vkm/w2/  4.50   0.014   6.860 
1vkm/w2/  5.00   0.000   6.060 
1vkm/w2/  5.50   0.014   5.380 
1vkm/w2/  6.00   0.014   4.940 
1vkm/w3/  2.18   0.014  11.540 
1vkm/w3/  2.50   0.919  11.960 
1vkm/w3/  3.00   0.878  11.140 
1vkm/w3/  3.50   0.014   9.570 
1vkm/w3/  4.00   0.027   8.280 
1vkm/w3/  4.50   0.000   7.170 
1vkm/w3/  5.00   0.014   6.240 
1vkm/w3/  5.50   0.014   5.480 
1vkm/w3/  6.00   0.000   4.990 
1vlm/w1/  2.20   0.000   1.240 
1vlm/w1/  2.50   0.125   1.380 
1vlm/w1/  3.00   0.125   1.530 
1vlm/w1/  3.50   0.125   2.270 
1vlm/w1/  4.00   0.000   2.370 
1vlm/w1/  4.50   0.125   2.460 
1vlm/w1/  5.00   0.000   2.230 
1vlm/w1/  5.50   0.125   1.880 
1vlm/w1/  6.00   0.125   1.840 
1vlm/w2/  2.20   0.000   7.880 
1vlm/w2/  2.50   1.000   8.650 
1vlm/w2/  3.00   0.000   9.400 
1vlm/w2/  3.50   1.000   9.900 
1vlm/w2/  4.00   0.500   9.680 
1vlm/w2/  4.50   0.750   8.940 
1vlm/w2/  5.00   0.625   8.270 
1vlm/w2/  5.50   0.250   7.260 
1vlm/w2/  6.00   0.250   6.610 
1vlm/w3/  2.79   1.000   7.630 
1vlm/w3/  3.00   0.125   8.170 
1vlm/w3/  3.50   0.125   9.420 
1vlm/w3/  4.00   0.000   9.750 
1vlm/w3/  4.50   0.000   9.130 
1vlm/w3/  5.00   0.000   8.260 
1vlm/w3/  5.50   0.000   7.140 
1vlm/w3/  6.00   0.250   6.640 
1vqr/w1/  2.25   0.952  14.240 
1vqr/w1/  3.00   0.952  13.580 
1vqr/w1/  3.50   0.905  12.470 
1vqr/w1/  4.00   0.952  10.910 
1vqr/w1/  4.50   0.952  10.010 
1vqr/w1/  5.00   0.952   8.640 
1vqr/w1/  5.50   0.048   7.590 
1vqr/w1/  6.00   0.048   6.700 
1xri/w1/  3.49   1.000  16.240 
1xri/w1/  4.00   1.000  14.810 
1xri/w1/  4.50   0.833  13.440 
1xri/w1/  5.00   1.000  11.660 
1xri/w1/  5.50   1.000  10.670 
1xri/w1/  6.00   0.833   9.570 
1y7e/w1/  3.20   1.000  15.970 
1y7e/w1/  3.50   1.000  15.740 
1y7e/w1/  4.00   1.000  13.860 
1y7e/w1/  4.50   1.000  11.740 
1y7e/w1/  5.00   1.000  10.510 
1y7e/w1/  5.50   1.000   9.070 
1y7e/w1/  6.00   0.000   8.160 
1z82/w1/  2.00   0.045   8.940 
1z82/w1/  2.50   0.136  10.700 
1z82/w1/  3.00   0.909  10.620 
1z82/w1/  3.50   0.864   9.400 
1z82/w1/  4.00   0.045   8.020 
1z82/w1/  4.50   0.091   6.880 
1z82/w1/  5.00   0.136   6.080 
1z82/w1/  5.50   0.136   5.540 
1z82/w1/  6.00   0.136   4.950 
1z82/w2/  2.00   1.000  12.780 
1z82/w2/  2.50   1.000  13.130 
1z82/w2/  3.00   0.955  11.530 
1z82/w2/  3.50   0.955   9.510 
1z82/w2/  4.00   0.909   7.760 
1z82/w2/  4.50   0.909   6.390 
1z82/w2/  5.00   0.318   5.540 
1z82/w2/  5.50   0.182   4.850 
1z82/w2/  6.00   0.045   4.160 
1zy9/w1/  2.34   0.111   6.300 
1zy9/w1/  3.00   0.000   7.950 
1zy9/w1/  3.50   0.000   7.870 
1zy9/w1/  4.00   0.000   7.810 
1zy9/w1/  4.50   0.111   7.520 
1zy9/w1/  5.00   0.111   6.810 
1zy9/w1/  5.50   0.000   6.610 
1zy9/w1/  6.00   0.111   5.950 
1zy9/w2/  2.37   0.111   7.660 
1zy9/w2/  3.00   0.000   8.990 
1zy9/w2/  3.50   0.000   9.580 
1zy9/w2/  4.00   0.000   9.360 
1zy9/w2/  4.50   0.000   9.050 
1zy9/w2/  5.00   0.000   8.150 
1zy9/w2/  5.50   0.000   7.850 
1zy9/w2/  6.00   0.000   7.030 
1zy9/w3/  2.99   0.000   7.870 
1zy9/w3/  3.00   0.000   7.890 
1zy9/w3/  3.50   0.000   9.170 
1zy9/w3/  4.00   0.000   9.650 
1zy9/w3/  4.50   0.000   9.430 
1zy9/w3/  5.00   0.000   8.470 
1zy9/w3/  5.50   0.111   8.040 
1zy9/w3/  6.00   0.111   7.410 
1zyb/w1/  2.10   1.000   8.820 
1zyb/w1/  2.50   0.000  12.030 
1zyb/w1/  3.00   1.000  13.420 
1zyb/w1/  3.50   1.000  13.270 
1zyb/w1/  4.00   0.000  11.750 
1zyb/w1/  4.50   0.000  10.310 
1zyb/w1/  5.00   0.000   8.870 
1zyb/w1/  5.50   0.000   7.470 
1zyb/w1/  6.00   0.000   6.810 
1zyb/w2/  2.10   1.000  12.670 
1zyb/w2/  2.50   1.000  16.570 
1zyb/w2/  3.00   1.000  17.930 
1zyb/w2/  3.50   1.000  16.870 
1zyb/w2/  4.00   1.000  14.420 
1zyb/w2/  4.50   1.000  12.580 
1zyb/w2/  5.00   1.000  10.880 
1zyb/w2/  5.50   1.000   9.040 
1zyb/w2/  6.00   1.000   8.120 
2a2o/w1/  2.16  -0.024  22.740 
2a2o/w1/  2.50  -0.024  23.340 
2a2o/w1/  3.00  -0.024  21.270 
2a2o/w1/  3.50  -0.024  18.340 
2a2o/w1/  4.00  -0.024  15.550 
2a2o/w1/  4.50  -0.024  13.150 
2a2o/w1/  5.00  -0.024  11.330 
2a2o/w1/  5.50  -0.024   9.840 
2a2o/w1/  6.00  -0.024   8.600 
2a2o/w2/  2.16  -0.024  14.270 
2a2o/w2/  2.50  -0.024  15.170 
2a2o/w2/  3.00  -0.024  15.360 
2a2o/w2/  3.50  -0.024  14.390 
2a2o/w2/  4.00  -0.024  13.070 
2a2o/w2/  4.50  -0.024  11.620 
2a2o/w2/  5.00  -0.024  10.320 
2a2o/w2/  5.50  -0.024   9.200 
2a2o/w2/  6.00  -0.024   8.240 
2a3n/w1/  1.23   1.000  35.590 
2a3n/w1/  1.50   1.000  35.620 
2a3n/w1/  2.00   1.000  27.220 
2a3n/w1/  2.50   1.000  20.250 
2a3n/w1/  3.00   0.857  15.520 
2a3n/w1/  3.50   0.786  12.050 
2a3n/w1/  4.00   0.786   9.990 
2a3n/w1/  4.50   0.786   8.500 
2a3n/w1/  5.00   0.071   7.290 
2a3n/w1/  5.50   0.143   6.250 
2a3n/w1/  6.00   0.143   5.440 
2a3n/w2/  1.34   1.000  39.550 
2a3n/w2/  1.50   1.000  38.680 
2a3n/w2/  2.00   1.000  27.900 
2a3n/w2/  2.50   1.000  20.590 
2a3n/w2/  3.00   0.929  15.910 
2a3n/w2/  3.50   0.786  12.290 
2a3n/w2/  4.00   0.786  10.060 
2a3n/w2/  4.50   0.786   8.380 
2a3n/w2/  5.00   0.786   6.930 
2a3n/w2/  5.50   0.143   5.860 
2a3n/w2/  6.00   0.143   5.220 
2a3n/w3/  1.23   1.000  40.240 
2a3n/w3/  1.50   1.000  37.460 
2a3n/w3/  2.00   1.000  27.500 
2a3n/w3/  2.50   0.857  20.440 
2a3n/w3/  3.00   0.786  15.880 
2a3n/w3/  3.50   0.786  12.330 
2a3n/w3/  4.00   0.786  10.000 
2a3n/w3/  4.50   0.786   8.320 
2a3n/w3/  5.00   0.071   6.970 
2a3n/w3/  5.50   0.071   5.860 
2a3n/w3/  6.00   0.143   5.130 
2a6b/w1/  1.70   0.000   6.680 
2a6b/w1/  2.00   0.000   7.730 
2a6b/w1/  2.50   0.000   7.110 
2a6b/w1/  3.00   0.000   5.890 
2a6b/w1/  3.50   0.000   4.880 
2a6b/w1/  4.00   0.000   4.100 
2a6b/w1/  4.50   0.000   3.800 
2a6b/w1/  5.00   0.000   2.720 
2a6b/w1/  5.50   0.000   2.060 
2a6b/w1/  6.00   0.000   1.720 
2a6b/w2/  2.11   0.000  10.040 
2a6b/w2/  2.50   1.000  11.190 
2a6b/w2/  3.00   0.000  12.280 
2a6b/w2/  3.50   1.000  11.430 
2a6b/w2/  4.00   1.000  10.630 
2a6b/w2/  4.50   0.000   9.250 
2a6b/w2/  5.00   0.000   7.410 
2a6b/w2/  5.50   0.000   6.760 
2a6b/w2/  6.00   0.000   5.620 
2a6b/w3/  2.11   1.000  13.410 
2a6b/w3/  2.50   1.000  15.880 
2a6b/w3/  3.00   1.000  17.080 
2a6b/w3/  3.50   1.000  15.520 
2a6b/w3/  4.00   1.000  13.220 
2a6b/w3/  4.50   1.000  11.880 
2a6b/w3/  5.00   1.000   9.360 
2a6b/w3/  5.50   0.333   7.910 
2a6b/w3/  6.00   0.000   6.340 
2a6b/w4/  2.11   0.000   9.090 
2a6b/w4/  2.50   1.000  10.710 
2a6b/w4/  3.00   0.000  11.770 
2a6b/w4/  3.50   1.000  11.570 
2a6b/w4/  4.00   1.000  10.490 
2a6b/w4/  4.50   0.000   9.290 
2a6b/w4/  5.00   0.000   7.340 
2a6b/w4/  5.50   0.000   6.350 
2a6b/w4/  6.00   0.000   5.250 
2aj2/w1/  3.21   1.000   9.160 
2aj2/w1/  3.50   0.000   8.720 
2aj2/w1/  4.00   0.125   7.590 
2aj2/w1/  4.50   0.000   6.280 
2aj2/w1/  5.00   0.000   5.240 
2aj2/w1/  5.50   0.000   4.310 
2aj2/w1/  6.00   0.000   3.560 
2aml/w1/  1.50   0.944  23.580 
2aml/w1/  2.00   0.944  24.430 
2aml/w1/  2.50   0.889  20.300 
2aml/w1/  3.00   0.833  15.860 
2aml/w1/  3.50   0.833  12.820 
2aml/w1/  4.00   0.833  10.820 
2aml/w1/  4.50   0.833   9.190 
2aml/w1/  5.00   0.000   7.850 
2aml/w1/  5.50   0.000   6.830 
2aml/w1/  6.00   0.000   5.980 
2aml/w2/  1.50   1.000  34.950 
2aml/w2/  2.00   1.000  29.050 
2aml/w2/  2.50   1.000  22.100 
2aml/w2/  3.00   1.000  16.850 
2aml/w2/  3.50   0.944  13.310 
2aml/w2/  4.00   0.889  11.140 
2aml/w2/  4.50   0.889   9.180 
2aml/w2/  5.00   0.889   7.750 
2aml/w2/  5.50   0.222   6.770 
2aml/w2/  6.00   0.000   6.020 
2avn/w1/  2.35   1.000  13.730 
2avn/w1/  3.00   1.000  14.650 
2avn/w1/  3.50   1.000  14.890 
2avn/w1/  4.00   1.000  13.840 
2avn/w1/  4.50   1.000  12.090 
2avn/w1/  5.00   1.000  10.440 
2avn/w1/  5.50   1.000   8.930 
2avn/w1/  6.00   0.917   7.830 
2avn/w2/  2.44   1.000  10.350 
2avn/w2/  3.00   1.000  12.370 
2avn/w2/  3.50   1.000  12.180 
2avn/w2/  4.00   1.000  11.380 
2avn/w2/  4.50   1.000  10.140 
2avn/w2/  5.00   1.000   8.930 
2avn/w2/  5.50   1.000   7.670 
2avn/w2/  6.00   1.000   6.920 
2avn/w3/  2.44   1.000   9.960 
2avn/w3/  3.00   1.000  11.920 
2avn/w3/  3.50   1.000  11.880 
2avn/w3/  4.00   1.000  11.270 
2avn/w3/  4.50   1.000  10.220 
2avn/w3/  5.00   1.000   9.060 
2avn/w3/  5.50   1.000   7.770 
2avn/w3/  6.00   1.000   7.000 
2b8m/w1/  1.70   1.000  16.690 
2b8m/w1/  2.00   1.000  17.020 
2b8m/w1/  2.50   1.000  15.830 
2b8m/w1/  3.00   1.000  13.110 
2b8m/w1/  3.50   1.000  10.390 
2b8m/w1/  4.00   0.750   8.890 
2b8m/w1/  4.50   0.000   7.330 
2b8m/w1/  5.00   0.000   6.010 
2b8m/w1/  5.50   0.000   4.990 
2b8m/w1/  6.00   0.250   4.390 
2b8m/w2/  1.80   0.250   7.800 
2b8m/w2/  2.00   0.000   7.990 
2b8m/w2/  2.50   0.000   9.240 
2b8m/w2/  3.00   1.000   9.040 
2b8m/w2/  3.50   1.000   8.380 
2b8m/w2/  4.00   1.000   7.880 
2b8m/w2/  4.50   0.250   6.920 
2b8m/w2/  5.00   0.250   5.830 
2b8m/w2/  5.50   0.000   5.200 
2b8m/w2/  6.00   0.000   4.690 
2b8m/w3/  1.80   0.000   1.650 
2b8m/w3/  2.00   0.250   1.880 
2b8m/w3/  2.50   0.000   2.400 
2b8m/w3/  3.00   0.250   2.180 
2b8m/w3/  3.50   0.000   2.540 
2b8m/w3/  4.00   0.000   2.670 
2b8m/w3/  4.50   0.000   2.430 
2b8m/w3/  5.00   0.000   2.130 
2b8m/w3/  5.50   0.000   2.290 
2b8m/w3/  6.00   0.000   2.200 
2etd/w1/  2.28   0.000   4.470 
2etd/w1/  3.00   0.000   4.810 
2etd/w1/  3.50   0.000   4.740 
2etd/w1/  4.00   0.000   4.630 
2etd/w1/  4.50   0.000   3.790 
2etd/w1/  5.00   0.000   3.510 
2etd/w1/  5.50   0.000   2.570 
2etd/w1/  6.00   0.000   1.660 
2etd/w2/  2.28   0.000  24.470 
2etd/w2/  3.00   1.000  21.920 
2etd/w2/  3.50   1.000  19.330 
2etd/w2/  4.00   1.000  17.810 
2etd/w2/  4.50   1.000  15.200 
2etd/w2/  5.00   1.000  13.830 
2etd/w2/  5.50   1.000  11.800 
2etd/w2/  6.00   1.000   9.620 
2etd/w3/  2.29   1.000  28.940 
2etd/w3/  3.00   1.000  25.860 
2etd/w3/  3.50   1.000  22.340 
2etd/w3/  4.00   1.000  20.420 
2etd/w3/  4.50   1.000  16.760 
2etd/w3/  5.00   1.000  15.300 
2etd/w3/  5.50   1.000  12.740 
2etd/w3/  6.00   1.000  10.730 
2etj/w1/  1.74   1.000  21.670 
2etj/w1/  2.00   1.000  22.090 
2etj/w1/  2.50   1.000  19.090 
2etj/w1/  3.00   1.000  15.260 
2etj/w1/  3.50   1.000  12.050 
2etj/w1/  4.00   1.000  10.750 
2etj/w1/  4.50   1.000   9.340 
2etj/w1/  5.00   1.000   8.500 
2etj/w1/  5.50   1.000   7.480 
2etj/w1/  6.00   1.000   6.390 
2etj/w2/  1.74   0.250   3.410 
2etj/w2/  2.00   0.250   3.880 
2etj/w2/  2.50   0.250   4.610 
2etj/w2/  3.00   0.250   4.570 
2etj/w2/  3.50   0.250   3.760 
2etj/w2/  4.00   0.250   3.340 
2etj/w2/  4.50   0.250   3.200 
2etj/w2/  5.00   0.000   3.420 
2etj/w2/  5.50   0.250   3.030 
2etj/w2/  6.00   0.250   2.630 
2ets/w1/  2.25   1.000  16.850 
2ets/w1/  3.00   1.000  16.290 
2ets/w1/  3.50   1.000  13.740 
2ets/w1/  4.00   1.000  12.170 
2ets/w1/  4.50   1.000  10.110 
2ets/w1/  5.00   1.000   8.830 
2ets/w1/  5.50   1.000   7.890 
2ets/w1/  6.00   1.000   6.880 
2etv/w1/  1.70   1.000  20.440 
2etv/w1/  2.00   1.000  22.880 
2etv/w1/  2.50   1.000  24.010 
2etv/w1/  3.00   1.000  21.220 
2etv/w1/  3.50   1.000  17.640 
2etv/w1/  4.00   1.000  16.500 
2etv/w1/  4.50   1.000  13.780 
2etv/w1/  5.00   0.750  12.420 
2etv/w1/  5.50   1.000  10.530 
2etv/w1/  6.00   0.750   9.540 
2etv/w2/  1.70   1.000  25.620 
2etv/w2/  2.00   1.000  29.310 
2etv/w2/  2.50   1.000  30.310 
2etv/w2/  3.00   1.000  27.130 
2etv/w2/  3.50   1.000  22.460 
2etv/w2/  4.00   1.000  20.450 
2etv/w2/  4.50   1.000  17.100 
2etv/w2/  5.00   1.000  15.170 
2etv/w2/  5.50   1.000  12.680 
2etv/w2/  6.00   1.000  11.730 
2evr/w1/  1.60   0.000   5.380 
2evr/w1/  2.00   0.000   6.280 
2evr/w1/  2.50   0.000   6.360 
2evr/w1/  3.00   0.000   4.940 
2evr/w1/  3.50   0.000   4.640 
2evr/w1/  4.00   0.000   4.570 
2evr/w1/  4.50   0.000   4.230 
2evr/w1/  5.00   0.000   3.790 
2evr/w1/  5.50   0.000   3.440 
2evr/w1/  6.00   0.000   3.090 
2evr/w2/  1.60   1.000  36.890 
2evr/w2/  2.00   1.000  39.960 
2evr/w2/  2.50   1.000  33.140 
2evr/w2/  3.00   1.000  24.830 
2evr/w2/  3.50   1.000  21.430 
2evr/w2/  4.00   1.000  18.290 
2evr/w2/  4.50   1.000  16.510 
2evr/w2/  5.00   1.000  13.870 
2evr/w2/  5.50   1.000  12.010 
2evr/w2/  6.00   1.000   9.920 
2f4p/w1/  1.90   0.250   2.480 
2f4p/w1/  2.50   0.250   2.560 
2f4p/w1/  3.00   0.250   2.550 
2f4p/w1/  3.50   0.250   2.050 
2f4p/w1/  4.00   0.250   1.820 
2f4p/w1/  4.50   0.500   1.480 
2f4p/w1/  5.00   0.250   1.580 
2f4p/w1/  5.50   0.250   1.580 
2f4p/w1/  6.00   0.250   1.430 
2f4p/w2/  1.90   1.000  22.310 
2f4p/w2/  2.50   1.000  23.920 
2f4p/w2/  3.00   1.000  20.420 
2f4p/w2/  3.50   1.000  17.700 
2f4p/w2/  4.00   1.000  14.730 
2f4p/w2/  4.50   1.000  12.420 
2f4p/w2/  5.00   1.000  10.780 
2f4p/w2/  5.50   1.000   9.440 
2f4p/w2/  6.00   0.750   7.900 
2fea/w1/  2.00   0.143   2.790 
2fea/w1/  2.50   0.143   3.580 
2fea/w1/  3.00   0.071   3.730 
2fea/w1/  3.50   0.143   3.400 
2fea/w1/  4.00   0.071   2.950 
2fea/w1/  4.50   0.071   2.140 
2fea/w1/  5.00   0.071   2.040 
2fea/w1/  5.50   0.071   1.900 
2fea/w1/  6.00   0.071   1.600 
2fea/w2/  2.00   0.929  13.740 
2fea/w2/  2.50   1.000  15.750 
2fea/w2/  3.00   1.000  14.440 
2fea/w2/  3.50   0.929  12.430 
2fea/w2/  4.00   0.857  10.570 
2fea/w2/  4.50   0.786   8.630 
2fea/w2/  5.00   0.286   7.390 
2fea/w2/  5.50   0.143   6.420 
2fea/w2/  6.00   0.214   5.820 
2ffj/w1/  2.45   1.000  12.690 
2ffj/w1/  3.00   0.000  14.560 
2ffj/w1/  3.50   1.000  14.830 
2ffj/w1/  4.00   1.000  13.520 
2ffj/w1/  4.50   1.000  12.100 
2ffj/w1/  5.00   1.000  10.760 
2ffj/w1/  5.50   1.000   9.330 
2ffj/w1/  6.00   0.000   7.920 
2ffj/w2/  2.66   0.000   8.270 
2ffj/w2/  3.00   0.000   8.750 
2ffj/w2/  3.50   0.000   8.940 
2ffj/w2/  4.00   0.000   8.800 
2ffj/w2/  4.50   0.000   8.530 
2ffj/w2/  5.00   0.000   8.120 
2ffj/w2/  5.50   0.000   7.190 
2ffj/w2/  6.00   0.000   6.380 
2ffj/w3/  2.45   0.000   7.930 
2ffj/w3/  3.00   0.000  10.370 
2ffj/w3/  3.50   0.000  11.400 
2ffj/w3/  4.00   0.000  11.090 
2ffj/w3/  4.50   0.000  10.280 
2ffj/w3/  5.00   0.250   9.450 
2ffj/w3/  5.50   1.000   8.400 
2ffj/w3/  6.00   0.000   7.270 
2fg0/w1/  1.79   0.000   3.950 
2fg0/w1/  2.50   0.000   5.110 
2fg0/w1/  3.00   0.000   6.390 
2fg0/w1/  3.50   0.000   6.590 
2fg0/w1/  4.00   0.000   6.440 
2fg0/w1/  4.50   0.000   5.560 
2fg0/w1/  5.00   0.000   5.040 
2fg0/w1/  5.50   0.000   4.280 
2fg0/w1/  6.00   0.000   4.000 
2fg0/w2/  1.79   1.000  22.900 
2fg0/w2/  2.50   1.000  28.580 
2fg0/w2/  3.00   1.000  28.560 
2fg0/w2/  3.50   1.000  25.940 
2fg0/w2/  4.00   1.000  21.670 
2fg0/w2/  4.50   1.000  18.470 
2fg0/w2/  5.00   1.000  15.990 
2fg0/w2/  5.50   1.000  13.910 
2fg0/w2/  6.00   1.000  12.310 
2fg9/w1/  2.20   1.000  11.350 
2fg9/w1/  2.50   1.000  12.250 
2fg9/w1/  3.00   1.000  12.070 
2fg9/w1/  3.50   1.000  10.250 
2fg9/w1/  4.00   1.000   8.970 
2fg9/w1/  4.50   1.000   7.260 
2fg9/w1/  5.00   0.000   6.010 
2fg9/w1/  5.50   0.000   4.990 
2fg9/w1/  6.00   0.000   4.540 
2fg9/w2/  2.20   1.000  13.610 
2fg9/w2/  2.50   1.000  13.610 
2fg9/w2/  3.00   1.000  12.330 
2fg9/w2/  3.50   1.000   9.850 
2fg9/w2/  4.00   1.000   8.210 
2fg9/w2/  4.50   0.000   6.190 
2fg9/w2/  5.00   0.000   4.890 
2fg9/w2/  5.50   0.000   4.060 
2fg9/w2/  6.00   0.000   3.500 
2fg9/w3/  2.20   0.125   3.540 
2fg9/w3/  2.50   0.000   4.250 
2fg9/w3/  3.00   0.000   5.400 
2fg9/w3/  3.50   0.000   5.210 
2fg9/w3/  4.00   0.125   5.080 
2fg9/w3/  4.50   0.000   4.320 
2fg9/w3/  5.00   0.000   3.710 
2fg9/w3/  5.50   0.000   3.260 
2fg9/w3/  6.00   0.000   3.210 
2fna/w1/  2.00   0.700  12.590 
2fna/w1/  2.50   0.900  13.310 
2fna/w1/  3.00   0.700  11.650 
2fna/w1/  3.50   0.700  10.580 
2fna/w1/  4.00   0.900  10.340 
2fna/w1/  4.50   0.700   9.630 
2fna/w1/  5.00   0.600   8.760 
2fna/w1/  5.50   0.700   8.100 
2fna/w1/  6.00   0.600   7.390 
2fna/w2/  2.00   0.100   8.130 
2fna/w2/  2.50   0.100   8.830 
2fna/w2/  3.00   0.600   8.240 
2fna/w2/  3.50   0.600   7.200 
2fna/w2/  4.00   0.600   7.290 
2fna/w2/  4.50   0.400   7.110 
2fna/w2/  5.00   0.400   6.530 
2fna/w2/  5.50   0.400   6.270 
2fna/w2/  6.00   0.400   5.720 
2fqp/w1/  1.80   0.400   3.230 
2fqp/w1/  2.50   0.200   3.580 
2fqp/w1/  3.00   0.200   2.860 
2fqp/w1/  3.50   0.100   2.490 
2fqp/w1/  4.00   0.100   1.940 
2fqp/w1/  4.50   0.100   1.720 
2fqp/w1/  5.00   0.100   1.600 
2fqp/w1/  5.50   0.100   1.690 
2fqp/w1/  6.00   0.000   1.380 
2fqp/w2/  1.80   0.800  13.750 
2fqp/w2/  2.50   0.900  13.280 
2fqp/w2/  3.00   0.900  10.140 
2fqp/w2/  3.50   0.300   8.150 
2fqp/w2/  4.00   0.400   6.570 
2fqp/w2/  4.50   0.100   5.500 
2fqp/w2/  5.00   0.200   4.790 
2fqp/w2/  5.50   0.100   4.170 
2fqp/w2/  6.00   0.100   3.600 
2fur/w1/  1.80   0.786  10.120 
2fur/w1/  2.50   0.786  11.520 
2fur/w1/  3.00   0.786  10.810 
2fur/w1/  3.50   0.714  10.260 
2fur/w1/  4.00   0.714   8.900 
2fur/w1/  4.50   0.714   7.890 
2fur/w1/  5.00   0.071   7.120 
2fur/w1/  5.50   0.000   6.300 
2fur/w1/  6.00   0.000   5.490 
2fur/w2/  1.80   0.143   1.390 
2fur/w2/  2.50   0.071   2.130 
2fur/w2/  3.00   0.071   2.360 
2fur/w2/  3.50   0.000   2.630 
2fur/w2/  4.00   0.071   2.680 
2fur/w2/  4.50   0.000   2.810 
2fur/w2/  5.00   0.000   3.010 
2fur/w2/  5.50   0.000   2.840 
2fur/w2/  6.00   0.000   2.540 
2fur/w3/  1.90   0.929  10.410 
2fur/w3/  2.50   0.929  12.550 
2fur/w3/  3.00   0.857  11.740 
2fur/w3/  3.50   0.786  10.870 
2fur/w3/  4.00   0.786   9.220 
2fur/w3/  4.50   0.786   7.770 
2fur/w3/  5.00   0.071   6.750 
2fur/w3/  5.50   0.071   5.890 
2fur/w3/  6.00   0.000   5.090 
2fzt/w1/  2.05   0.250  11.180 
2fzt/w1/  2.50   1.000  12.330 
2fzt/w1/  3.00   1.000  12.530 
2fzt/w1/  3.50   1.000  10.890 
2fzt/w1/  4.00   1.000   9.540 
2fzt/w1/  4.50   1.000   8.060 
2fzt/w1/  5.00   0.000   6.860 
2fzt/w1/  5.50   0.000   5.870 
2fzt/w1/  6.00   0.000   5.180 
2fzt/w2/  2.05   0.000   1.570 
2fzt/w2/  2.50   0.000   1.920 
2fzt/w2/  3.00   0.250   1.980 
2fzt/w2/  3.50   0.000   1.850 
2fzt/w2/  4.00   0.250   1.600 
2fzt/w2/  4.50   0.250   1.790 
2fzt/w2/  5.00   0.250   1.890 
2fzt/w2/  5.50   0.000   1.800 
2fzt/w2/  6.00   0.250   1.630 
2g0t/w1/  2.67   0.000  11.210 
2g0t/w1/  3.00   0.000  12.860 
2g0t/w1/  3.50   0.000  13.450 
2g0t/w1/  4.00   0.000  12.620 
2g0t/w1/  4.50   0.000  11.650 
2g0t/w1/  5.00   0.000  10.460 
2g0t/w1/  5.50   0.000   9.660 
2g0t/w1/  6.00   0.000   8.720 
2g0t/w2/  2.82   0.000   4.160 
2g0t/w2/  3.00   0.000   4.290 
2g0t/w2/  3.50   0.000   4.950 
2g0t/w2/  4.00   0.000   5.150 
2g0t/w2/  4.50   0.000   4.950 
2g0t/w2/  5.00   0.000   4.740 
2g0t/w2/  5.50   0.000   4.780 
2g0t/w2/  6.00   0.000   4.560 
2g0t/w3/  2.74   0.000   5.870 
2g0t/w3/  3.00   0.000   6.440 
2g0t/w3/  3.50   0.000   6.550 
2g0t/w3/  4.00   0.000   6.450 
2g0t/w3/  4.50   0.000   6.240 
2g0t/w3/  5.00   0.000   5.920 
2g0t/w3/  5.50   0.083   5.640 
2g0t/w3/  6.00   0.000   5.630 
2g42/w1/  2.28   1.000  11.200 
2g42/w1/  3.00   1.000  13.540 
2g42/w1/  3.50   1.000  12.270 
2g42/w1/  4.00   1.000  11.260 
2g42/w1/  4.50   1.000   9.440 
2g42/w1/  5.00   1.000   8.150 
2g42/w1/  5.50   1.000   7.180 
2g42/w1/  6.00   0.500   6.230 
2gc9/w1/  1.70   0.875   9.010 
2gc9/w1/  2.00   0.938  10.240 
2gc9/w1/  2.50   0.875  10.370 
2gc9/w1/  3.00   0.812  10.480 
2gc9/w1/  3.50   0.812   8.780 
2gc9/w1/  4.00   0.125   8.080 
2gc9/w1/  4.50   0.062   6.790 
2gc9/w1/  5.00   0.062   5.840 
2gc9/w1/  5.50   0.125   5.160 
2gc9/w1/  6.00   0.062   4.300 
2gc9/w2/  1.70   0.125   9.810 
2gc9/w2/  2.00   0.875  10.770 
2gc9/w2/  2.50   0.875  11.060 
2gc9/w2/  3.00   0.875  10.900 
2gc9/w2/  3.50   0.875   9.190 
2gc9/w2/  4.00   0.875   8.430 
2gc9/w2/  4.50   0.875   6.960 
2gc9/w2/  5.00   0.188   6.000 
2gc9/w2/  5.50   0.125   5.160 
2gc9/w2/  6.00   0.125   4.240 
2nlv/w1/  1.30   0.364   3.250 
2nlv/w1/  2.00   0.182   3.950 
2nlv/w1/  2.50   0.000   3.660 
2nlv/w1/  3.00   0.091   3.090 
2nlv/w1/  3.50   0.091   2.690 
2nlv/w1/  4.00   0.091   2.650 
2nlv/w1/  4.50   0.000   2.380 
2nlv/w1/  5.00   0.091   2.230 
2nlv/w1/  5.50   0.091   2.090 
2nlv/w1/  6.00   0.000   2.000 
2nlv/w2/  1.30   1.000  23.460 
2nlv/w2/  2.00   0.909  18.910 
2nlv/w2/  2.50   0.909  14.880 
2nlv/w2/  3.00   0.909  11.330 
2nlv/w2/  3.50   0.909   8.620 
2nlv/w2/  4.00   0.727   6.940 
2nlv/w2/  4.50   0.636   5.660 
2nlv/w2/  5.00   0.364   4.780 
2nlv/w2/  5.50   0.000   4.050 
2nlv/w2/  6.00   0.000   3.510 
2nlv/w3/  1.33   1.000  20.190 
2nlv/w3/  2.00   1.000  17.760 
2nlv/w3/  2.50   1.000  14.330 
2nlv/w3/  3.00   0.818  11.090 
2nlv/w3/  3.50   0.727   8.800 
2nlv/w3/  4.00   0.727   7.100 
2nlv/w3/  4.50   0.636   5.980 
2nlv/w3/  5.00   0.091   4.990 
2nlv/w3/  5.50   0.182   4.300 
2nlv/w3/  6.00   0.091   3.770 
2nuj/w1/  2.00   1.000  23.940 
2nuj/w1/  2.50   1.000  24.950 
2nuj/w1/  3.00   1.000  22.870 
2nuj/w1/  3.50   1.000  19.000 
2nuj/w1/  4.00   1.000  15.570 
2nuj/w1/  4.50   1.000  13.170 
2nuj/w1/  5.00   1.000  10.680 
2nuj/w1/  5.50   1.000   9.120 
2nuj/w1/  6.00   1.000   7.660 
2nwv/w1/  1.85   1.000  16.760 
2nwv/w1/  2.50   1.000  23.230 
2nwv/w1/  3.00   1.000  24.490 
2nwv/w1/  3.50   1.000  21.740 
2nwv/w1/  4.00   1.000  19.230 
2nwv/w1/  4.50   1.000  16.200 
2nwv/w1/  5.00   1.000  14.850 
2nwv/w1/  5.50   1.000  12.090 
2nwv/w1/  6.00   1.000  10.480 
2nwv/w2/  1.90   1.000  15.180 
2nwv/w2/  2.50   1.000  20.690 
2nwv/w2/  3.00   1.000  22.680 
2nwv/w2/  3.50   1.000  20.910 
2nwv/w2/  4.00   1.000  18.690 
2nwv/w2/  4.50   0.000  16.060 
2nwv/w2/  5.00   1.000  14.310 
2nwv/w2/  5.50   1.000  11.600 
2nwv/w2/  6.00   1.000  10.130 
2nwv/w3/  1.95   0.000  -0.040 
2nwv/w3/  2.50   0.000   1.160 
2nwv/w3/  3.00   0.000   1.690 
2nwv/w3/  3.50   0.000   2.010 
2nwv/w3/  4.00   0.000   1.120 
2nwv/w3/  4.50   0.000   0.860 
2nwv/w3/  5.00   0.000   0.260 
2nwv/w3/  5.50   0.000   0.280 
2nwv/w3/  6.00   0.000   1.040 
2o08/w1/  1.90   0.000   2.650 
2o08/w1/  2.50   0.000   3.590 
2o08/w1/  3.00   0.000   3.880 
2o08/w1/  3.50   0.000   3.910 
2o08/w1/  4.00   0.000   3.710 
2o08/w1/  4.50   0.000   3.010 
2o08/w1/  5.00   0.000   3.070 
2o08/w1/  5.50   0.125   2.730 
2o08/w1/  6.00   0.000   2.260 
2o08/w2/  2.47   0.000   9.520 
2o08/w2/  2.50   0.000   9.590 
2o08/w2/  3.00   0.000  10.520 
2o08/w2/  3.50   1.000  10.790 
2o08/w2/  4.00   1.000   9.560 
2o08/w2/  4.50   1.000   8.040 
2o08/w2/  5.00   0.000   7.200 
2o08/w2/  5.50   0.000   6.350 
2o08/w2/  6.00   0.000   5.760 
2o08/w3/  2.47   1.000  13.010 
2o08/w3/  2.50   1.000  13.060 
2o08/w3/  3.00   1.000  13.570 
2o08/w3/  3.50   1.000  13.010 
2o08/w3/  4.00   1.000  11.250 
2o08/w3/  4.50   1.000   9.420 
2o08/w3/  5.00   1.000   8.220 
2o08/w3/  5.50   0.375   7.130 
2o08/w3/  6.00   0.000   6.490 
2o08/w4/  2.46   0.000  11.110 
2o08/w4/  2.50   0.125  11.070 
2o08/w4/  3.00   0.125  11.830 
2o08/w4/  3.50   0.125  11.590 
2o08/w4/  4.00   0.000  10.180 
2o08/w4/  4.50   0.000   8.650 
2o08/w4/  5.00   0.000   7.660 
2o08/w4/  5.50   0.000   6.630 
2o08/w4/  6.00   0.000   5.960 
2o1q/w1/  1.50   0.182   2.650 
2o1q/w1/  2.00   0.182   3.050 
2o1q/w1/  2.50   0.000   2.640 
2o1q/w1/  3.00   0.000   2.360 
2o1q/w1/  3.50   0.000   1.940 
2o1q/w1/  4.00   0.000   1.580 
2o1q/w1/  4.50   0.000   1.310 
2o1q/w1/  5.00   0.182   1.030 
2o1q/w1/  5.50   0.000   0.730 
2o1q/w1/  6.00   0.000   0.600 
2o1q/w2/  2.00   0.818  10.370 
2o1q/w2/  2.50   0.818  11.050 
2o1q/w2/  3.00   0.909  10.640 
2o1q/w2/  3.50   0.000   8.860 
2o1q/w2/  4.00   0.182   7.570 
2o1q/w2/  4.50   0.182   6.410 
2o1q/w2/  5.00   0.091   5.250 
2o1q/w2/  5.50   0.091   4.420 
2o1q/w2/  6.00   0.000   3.710 
2o1q/w3/  2.00   0.182  14.230 
2o1q/w3/  2.50   0.182  13.910 
2o1q/w3/  3.00   0.818  12.470 
2o1q/w3/  3.50   0.818  10.160 
2o1q/w3/  4.00   0.000   8.350 
2o1q/w3/  4.50   0.000   6.900 
2o1q/w3/  5.00   0.182   5.520 
2o1q/w3/  5.50   0.091   4.500 
2o1q/w3/  6.00   0.000   3.800 
2o1q/w4/  2.00   0.182  10.920 
2o1q/w4/  2.50   0.909  11.970 
2o1q/w4/  3.00   0.000  10.970 
2o1q/w4/  3.50   0.000   9.100 
2o1q/w4/  4.00   0.273   7.810 
2o1q/w4/  4.50   0.000   6.570 
2o1q/w4/  5.00   0.000   5.310 
2o1q/w4/  5.50   0.000   4.470 
2o1q/w4/  6.00   0.000   3.710 
2o2x/w1/  1.50   1.000  28.390 
2o2x/w1/  2.00   1.000  27.860 
2o2x/w1/  2.50   1.000  21.960 
2o2x/w1/  3.00   1.000  17.320 
2o2x/w1/  3.50   1.000  13.270 
2o2x/w1/  4.00   1.000  11.520 
2o2x/w1/  4.50   1.000   9.540 
2o2x/w1/  5.00   0.600   7.840 
2o2x/w1/  5.50   0.200   6.800 
2o2x/w1/  6.00   0.200   5.980 
2o2x/w2/  1.50   1.000  27.960 
2o2x/w2/  2.00   1.000  26.870 
2o2x/w2/  2.50   1.000  21.200 
2o2x/w2/  3.00   1.000  16.800 
2o2x/w2/  3.50   1.000  12.750 
2o2x/w2/  4.00   1.000  11.180 
2o2x/w2/  4.50   1.000   9.200 
2o2x/w2/  5.00   1.000   7.490 
2o2x/w2/  5.50   0.200   6.440 
2o2x/w2/  6.00   0.000   5.540 
2o2z/w1/  2.60   1.000  15.530 
2o2z/w1/  3.00   1.000  17.400 
2o2z/w1/  3.50   1.000  17.850 
2o2z/w1/  4.00   1.000  16.060 
2o2z/w1/  4.50   1.000  14.060 
2o2z/w1/  5.00   1.000  12.080 
2o2z/w1/  5.50   0.000  10.180 
2o2z/w1/  6.00   0.048   8.810 
2o3l/w1/  2.05   1.000  12.400 
2o3l/w1/  2.50   1.000  11.770 
2o3l/w1/  3.00   1.000   9.700 
2o3l/w1/  3.50   0.786   7.730 
2o3l/w1/  4.00   0.143   6.420 
2o3l/w1/  4.50   0.000   5.420 
2o3l/w1/  5.00   0.071   4.370 
2o3l/w1/  5.50   0.000   3.840 
2o3l/w1/  6.00   0.071   3.520 
2o3l/w2/  2.00   0.929   8.920 
2o3l/w2/  2.50   0.929   9.850 
2o3l/w2/  3.00   0.857   8.770 
2o3l/w2/  3.50   0.786   7.170 
2o3l/w2/  4.00   0.000   6.080 
2o3l/w2/  4.50   0.000   5.260 
2o3l/w2/  5.00   0.071   4.260 
2o3l/w2/  5.50   0.071   3.780 
2o3l/w2/  6.00   0.071   3.480 
2o3l/w3/  2.00   1.000  10.740 
2o3l/w3/  2.50   1.000  11.060 
2o3l/w3/  3.00   1.000   9.300 
2o3l/w3/  3.50   0.857   7.560 
2o3l/w3/  4.00   0.643   6.340 
2o3l/w3/  4.50   0.571   5.360 
2o3l/w3/  5.00   0.000   4.320 
2o3l/w3/  5.50   0.000   3.740 
2o3l/w3/  6.00   0.000   3.340 
2o62/w1/  1.75   1.000  26.190 
2o62/w1/  2.50   1.000  28.740 
2o62/w1/  3.00   1.000  26.090 
2o62/w1/  3.50   1.000  22.630 
2o62/w1/  4.00   1.000  19.150 
2o62/w1/  4.50   1.000  16.150 
2o62/w1/  5.00   1.000  14.190 
2o62/w1/  5.50   1.000  12.150 
2o62/w1/  6.00   1.000  10.550 
2o7t/w1/  2.10   1.000   8.830 
2o7t/w1/  2.50   1.000  11.100 
2o7t/w1/  3.00   0.200  11.850 
2o7t/w1/  3.50   1.000  10.600 
2o7t/w1/  4.00   1.000   9.610 
2o7t/w1/  4.50   1.000   8.200 
2o7t/w1/  5.00   1.000   7.210 
2o7t/w1/  5.50   1.000   6.470 
2o7t/w1/  6.00   1.000   5.900 
2o7t/w2/  2.10   1.000  11.370 
2o7t/w2/  2.50   1.000  13.410 
2o7t/w2/  3.00   1.000  13.320 
2o7t/w2/  3.50   1.000  11.760 
2o7t/w2/  4.00   1.000  10.470 
2o7t/w2/  4.50   1.000   8.690 
2o7t/w2/  5.00   1.000   7.400 
2o7t/w2/  5.50   1.000   6.350 
2o7t/w2/  6.00   0.000   5.670 
2o8q/w1/  1.55   1.000  39.260 
2o8q/w1/  2.00   1.000  47.690 
2o8q/w1/  2.50   1.000  43.160 
2o8q/w1/  3.00   1.000  35.410 
2o8q/w1/  3.50   1.000  29.040 
2o8q/w1/  4.00   1.000  23.680 
2o8q/w1/  4.50   1.000  20.290 
2o8q/w1/  5.00   0.000  15.460 
2o8q/w1/  5.50   0.000  13.750 
2o8q/w1/  6.00   0.000  12.330 
2o8q/w2/  2.48   1.000  11.850 
2o8q/w2/  2.50   1.000  11.710 
2o8q/w2/  3.00   1.000  12.090 
2o8q/w2/  3.50   1.000  11.320 
2o8q/w2/  4.00   1.000  10.360 
2o8q/w2/  4.50   0.875   8.640 
2o8q/w2/  5.00   0.875   7.160 
2o8q/w2/  5.50   0.000   6.330 
2o8q/w2/  6.00   0.000   5.710 
2o8q/w3/  2.48   1.000  11.530 
2o8q/w3/  2.50   1.000  11.460 
2o8q/w3/  3.00   1.000  11.650 
2o8q/w3/  3.50   1.000  10.980 
2o8q/w3/  4.00   1.000   9.960 
2o8q/w3/  4.50   1.000   8.490 
2o8q/w3/  5.00   0.875   7.360 
2o8q/w3/  5.50   0.500   6.450 
2o8q/w3/  6.00   0.750   5.780 
2o8q/w4/  2.48   0.000   9.610 
2o8q/w4/  2.50   0.000   9.530 
2o8q/w4/  3.00   1.000   9.840 
2o8q/w4/  3.50   1.000   9.530 
2o8q/w4/  4.00   1.000   9.090 
2o8q/w4/  4.50   1.000   7.740 
2o8q/w4/  5.00   0.625   6.720 
2o8q/w4/  5.50   0.000   6.100 
2o8q/w4/  6.00   0.625   5.580 
2obp/w1/  1.70   1.000  26.050 
2obp/w1/  2.00   1.000  30.060 
2obp/w1/  2.50   1.000  29.250 
2obp/w1/  3.00   0.667  25.390 
2obp/w1/  3.50   0.667  21.900 
2obp/w1/  4.00   0.667  18.040 
2obp/w1/  4.50   0.667  15.300 
2obp/w1/  5.00   0.667  12.760 
2obp/w1/  5.50   0.667  11.880 
2obp/w1/  6.00   0.667  10.370 
2obp/w2/  1.70   1.000  27.880 
2obp/w2/  2.00   1.000  30.350 
2obp/w2/  2.50   1.000  27.950 
2obp/w2/  3.00   1.000  24.230 
2obp/w2/  3.50   0.667  20.760 
2obp/w2/  4.00   0.667  16.750 
2obp/w2/  4.50   0.667  14.490 
2obp/w2/  5.00   0.667  12.020 
2obp/w2/  5.50   0.667  11.110 
2obp/w2/  6.00   0.667   9.620 
2obp/w3/  1.70   1.000  32.000 
2obp/w3/  2.00   1.000  33.120 
2obp/w3/  2.50   1.000  28.910 
2obp/w3/  3.00   1.000  24.810 
2obp/w3/  3.50   0.667  20.680 
2obp/w3/  4.00   0.667  16.450 
2obp/w3/  4.50   0.667  13.920 
2obp/w3/  5.00   0.667  11.450 
2obp/w3/  5.50   0.667  10.490 
2obp/w3/  6.00   0.667   9.140 
2oc5/w1/  1.68   1.000  27.290 
2oc5/w1/  2.00   1.000  29.360 
2oc5/w1/  2.50   1.000  24.660 
2oc5/w1/  3.00   1.000  19.720 
2oc5/w1/  3.50   1.000  15.730 
2oc5/w1/  4.00   1.000  13.380 
2oc5/w1/  4.50   1.000  11.480 
2oc5/w1/  5.00   1.000   9.910 
2oc5/w1/  5.50   1.000   8.240 
2oc5/w1/  6.00   0.000   7.100 
2oc5/w2/  1.68   1.000  34.140 
2oc5/w2/  2.00   1.000  34.550 
2oc5/w2/  2.50   1.000  27.320 
2oc5/w2/  3.00   1.000  21.430 
2oc5/w2/  3.50   1.000  16.690 
2oc5/w2/  4.00   1.000  13.770 
2oc5/w2/  4.50   1.000  11.510 
2oc5/w2/  5.00   1.000   9.680 
2oc5/w2/  5.50   0.000   8.090 
2oc5/w2/  6.00   0.000   6.940 
2oc5/w3/  1.68   1.000  36.740 
2oc5/w3/  2.00   1.000  36.680 
2oc5/w3/  2.50   1.000  28.050 
2oc5/w3/  3.00   1.000  21.770 
2oc5/w3/  3.50   1.000  16.850 
2oc5/w3/  4.00   1.000  13.870 
2oc5/w3/  4.50   1.000  11.430 
2oc5/w3/  5.00   1.000   9.710 
2oc5/w3/  5.50   0.000   8.150 
2oc5/w3/  6.00   0.000   7.060 
2od5/w1/  1.79   1.000  13.100 
2od5/w1/  2.00   1.000  15.020 
2od5/w1/  2.50   1.000  17.630 
2od5/w1/  3.00   1.000  16.630 
2od5/w1/  3.50   1.000  14.990 
2od5/w1/  4.00   1.000  11.180 
2od5/w1/  4.50   1.000   9.620 
2od5/w1/  5.00   1.000   8.040 
2od5/w1/  5.50   0.000   7.100 
2od5/w1/  6.00   0.000   5.970 
2od5/w2/  1.85   1.000  12.990 
2od5/w2/  2.00   1.000  14.310 
2od5/w2/  2.50   1.000  17.470 
2od5/w2/  3.00   1.000  16.890 
2od5/w2/  3.50   1.000  14.980 
2od5/w2/  4.00   1.000  11.380 
2od5/w2/  4.50   0.500   9.720 
2od5/w2/  5.00   1.000   8.020 
2od5/w2/  5.50   0.500   7.070 
2od5/w2/  6.00   0.500   6.010 
2od6/w1/  1.85   0.815  13.090 
2od6/w1/  2.50   0.852  12.810 
2od6/w1/  3.00   0.815  10.560 
2od6/w1/  3.50   0.778   9.000 
2od6/w1/  4.00   0.037   7.260 
2od6/w1/  4.50   0.000   5.820 
2od6/w1/  5.00   0.074   4.760 
2od6/w1/  5.50   0.074   3.980 
2od6/w1/  6.00   0.074   3.450 
2od6/w2/  1.90   0.815  14.300 
2od6/w2/  2.50   0.074  12.910 
2od6/w2/  3.00   0.037  10.290 
2od6/w2/  3.50   0.815   8.490 
2od6/w2/  4.00   0.037   6.680 
2od6/w2/  4.50   0.037   5.140 
2od6/w2/  5.00   0.037   3.890 
2od6/w2/  5.50   0.000   3.160 
2od6/w2/  6.00   0.037   2.650 
2od6/w3/  1.90   0.852  12.490 
2od6/w3/  2.50   0.074  12.270 
2od6/w3/  3.00   0.148  10.230 
2od6/w3/  3.50   0.000   8.710 
2od6/w3/  4.00   0.037   7.010 
2od6/w3/  4.50   0.037   5.640 
2od6/w3/  5.00   0.037   4.560 
2od6/w3/  5.50   0.037   3.850 
2od6/w3/  6.00   0.037   3.280 
2oh3/w1/  2.00   0.571   8.710 
2oh3/w1/  2.50   1.000  10.270 
2oh3/w1/  3.00   1.000   9.370 
2oh3/w1/  3.50   1.000   8.160 
2oh3/w1/  4.00   0.000   6.400 
2oh3/w1/  4.50   0.000   5.120 
2oh3/w1/  5.00   0.000   4.610 
2oh3/w1/  5.50   0.000   4.170 
2oh3/w1/  6.00   0.143   3.830 
2oh3/w2/  2.00   1.000   9.830 
2oh3/w2/  2.50   1.000  10.910 
2oh3/w2/  3.00   1.000   9.580 
2oh3/w2/  3.50   1.000   8.030 
2oh3/w2/  4.00   0.000   6.400 
2oh3/w2/  4.50   0.000   5.110 
2oh3/w2/  5.00   0.000   4.460 
2oh3/w2/  5.50   0.000   4.090 
2oh3/w2/  6.00   0.000   3.650 
2okc/w1/  2.20   0.030   7.080 
2okc/w1/  2.50   0.667   8.290 
2okc/w1/  3.00   0.636   8.890 
2okc/w1/  3.50   0.636   8.220 
2okc/w1/  4.00   0.636   7.120 
2okc/w1/  4.50   0.000   5.980 
2okc/w1/  5.00   0.000   5.170 
2okc/w1/  5.50   0.000   4.460 
2okc/w1/  6.00   0.030   4.030 
2okc/w2/  2.21   0.667   9.060 
2okc/w2/  2.50   0.667   9.910 
2okc/w2/  3.00   0.667   9.600 
2okc/w2/  3.50   0.667   8.390 
2okc/w2/  4.00   0.667   7.050 
2okc/w2/  4.50   0.667   5.740 
2okc/w2/  5.00   0.000   4.820 
2okc/w2/  5.50   0.000   4.130 
2okc/w2/  6.00   0.000   3.710 
2okc/w3/  2.21   0.030   6.800 
2okc/w3/  2.50   0.061   7.810 
2okc/w3/  3.00   0.636   8.710 
2okc/w3/  3.50   0.636   8.170 
2okc/w3/  4.00   0.636   7.160 
2okc/w3/  4.50   0.030   6.070 
2okc/w3/  5.00   0.030   5.240 
2okc/w3/  5.50   0.030   4.500 
2okc/w3/  6.00   0.030   4.030 
2okf/w1/  1.60   0.500  30.620 
2okf/w1/  2.00   0.500  37.430 
2okf/w1/  2.50   0.500  34.250 
2okf/w1/  3.00   0.500  27.960 
2okf/w1/  3.50   0.500  23.400 
2okf/w1/  4.00   0.500  20.210 
2okf/w1/  4.50   0.500  17.580 
2okf/w1/  5.00   0.500  14.700 
2okf/w1/  5.50   0.500  12.940 
2okf/w1/  6.00   0.500  10.590 
2okf/w2/  1.60   1.000  34.140 
2okf/w2/  2.00   0.500  41.260 
2okf/w2/  2.50   0.500  36.580 
2okf/w2/  3.00   0.500  30.430 
2okf/w2/  3.50   0.500  24.910 
2okf/w2/  4.00   0.500  21.520 
2okf/w2/  4.50   0.500  18.220 
2okf/w2/  5.00   0.500  15.050 
2okf/w2/  5.50   0.500  13.600 
2okf/w2/  6.00   0.500  11.180 
2okf/w3/  1.60   0.750  40.030 
2okf/w3/  2.00   0.500  45.670 
2okf/w3/  2.50   0.500  39.300 
2okf/w3/  3.00   0.500  32.200 
2okf/w3/  3.50   0.500  26.010 
2okf/w3/  4.00   0.500  22.000 
2okf/w3/  4.50   0.500  18.210 
2okf/w3/  5.00   0.500  14.720 
2okf/w3/  5.50   0.500  13.140 
2okf/w3/  6.00   0.500  10.770 
2ooj/w1/  1.84   1.000  12.120 
2ooj/w1/  2.50   0.875  11.090 
2ooj/w1/  3.00   0.812   9.410 
2ooj/w1/  3.50   0.812   7.570 
2ooj/w1/  4.00   0.125   6.240 
2ooj/w1/  4.50   0.125   5.240 
2ooj/w1/  5.00   0.062   4.610 
2ooj/w1/  5.50   0.000   3.930 
2ooj/w1/  6.00   0.000   3.400 
2opk/w1/  2.10   0.625  10.730 
2opk/w1/  2.50   1.000  11.830 
2opk/w1/  3.00   1.000  12.230 
2opk/w1/  3.50   0.000  11.750 
2opk/w1/  4.00   0.000  10.250 
2opk/w1/  4.50   0.000   9.550 
2opk/w1/  5.00   0.000   8.280 
2opk/w1/  5.50   0.000   7.360 
2opk/w1/  6.00   0.000   6.450 
2opk/w2/  2.10   0.000  13.770 
2opk/w2/  2.50   1.000  14.520 
2opk/w2/  3.00   1.000  14.570 
2opk/w2/  3.50   1.000  13.960 
2opk/w2/  4.00   1.000  12.200 
2opk/w2/  4.50   0.000  10.960 
2opk/w2/  5.00   0.000   9.410 
2opk/w2/  5.50   0.125   8.270 
2opk/w2/  6.00   0.000   7.240 
2opk/w3/  2.10   0.000  11.790 
2opk/w3/  2.50   1.000  12.560 
2opk/w3/  3.00   0.000  12.900 
2opk/w3/  3.50   1.000  12.280 
2opk/w3/  4.00   0.125  10.700 
2opk/w3/  4.50   0.000   9.700 
2opk/w3/  5.00   0.000   8.240 
2opk/w3/  5.50   0.000   7.240 
2opk/w3/  6.00   0.000   6.250 
2osd/w1/  2.30   1.000  10.820 
2osd/w1/  3.00   1.000  13.580 
2osd/w1/  3.50   1.000  13.250 
2osd/w1/  4.00   1.000  11.670 
2osd/w1/  4.50   1.000   9.550 
2osd/w1/  5.00   1.000   8.310 
2osd/w1/  5.50   0.000   7.320 
2osd/w1/  6.00   0.000   6.440 
2osd/w2/  2.30   1.000  14.310 
2osd/w2/  3.00   1.000  15.690 
2osd/w2/  3.50   1.000  14.450 
2osd/w2/  4.00   1.000  12.410 
2osd/w2/  4.50   1.000   9.930 
2osd/w2/  5.00   0.000   8.640 
2osd/w2/  5.50   0.000   7.460 
2osd/w2/  6.00   0.000   6.580 
2osd/w3/  2.30   1.000  10.400 
2osd/w3/  3.00   1.000  12.640 
2osd/w3/  3.50   1.000  12.540 
2osd/w3/  4.00   1.000  11.250 
2osd/w3/  4.50   1.000   9.210 
2osd/w3/  5.00   1.000   8.250 
2osd/w3/  5.50   0.333   7.170 
2osd/w3/  6.00   0.000   6.290 
2otm/w1/  1.85   1.000  13.310 
2otm/w1/  2.50   1.000  15.140 
2otm/w1/  3.00   1.000  13.880 
2otm/w1/  3.50   1.000  11.680 
2otm/w1/  4.00   1.000  10.100 
2otm/w1/  4.50   1.000   8.650 
2otm/w1/  5.00   0.083   7.540 
2otm/w1/  5.50   0.083   6.420 
2otm/w1/  6.00   0.083   5.870 
2otm/w2/  1.85   1.000  13.110 
2otm/w2/  2.50   1.000  14.430 
2otm/w2/  3.00   1.000  13.410 
2otm/w2/  3.50   1.000  11.220 
2otm/w2/  4.00   1.000   9.720 
2otm/w2/  4.50   0.833   8.360 
2otm/w2/  5.00   0.500   7.060 
2otm/w2/  5.50   0.250   5.980 
2otm/w2/  6.00   0.167   5.370 
2otm/w3/  1.90   1.000  15.140 
2otm/w3/  2.50   1.000  16.700 
2otm/w3/  3.00   1.000  15.080 
2otm/w3/  3.50   1.000  12.520 
2otm/w3/  4.00   1.000  10.670 
2otm/w3/  4.50   1.000   9.090 
2otm/w3/  5.00   0.333   7.710 
2otm/w3/  5.50   0.417   6.550 
2otm/w3/  6.00   0.333   5.860 
2ozg/w1/  2.00   1.000  17.690 
2ozg/w1/  2.50   1.000  20.480 
2ozg/w1/  3.00   1.000  19.600 
2ozg/w1/  3.50   1.000  16.980 
2ozg/w1/  4.00   1.000  14.180 
2ozg/w1/  4.50   0.000  11.900 
2ozg/w1/  5.00   1.000  10.790 
2ozg/w1/  5.50   0.000   9.360 
2ozg/w1/  6.00   0.000   8.420 
2ozg/w2/  2.05   0.000   8.230 
2ozg/w2/  2.50   0.000  10.350 
2ozg/w2/  3.00   0.000  10.110 
2ozg/w2/  3.50   0.000   9.270 
2ozg/w2/  4.00   0.000   7.780 
2ozg/w2/  4.50   0.000   6.720 
2ozg/w2/  5.00   0.000   6.390 
2ozg/w2/  5.50   0.000   5.880 
2ozg/w2/  6.00   0.000   5.400 
2ozg/w3/  2.05   1.000  23.310 
2ozg/w3/  2.50   1.000  25.190 
2ozg/w3/  3.00   1.000  23.490 
2ozg/w3/  3.50   1.000  19.760 
2ozg/w3/  4.00   1.000  16.240 
2ozg/w3/  4.50   1.000  13.130 
2ozg/w3/  5.00   1.000  11.570 
2ozg/w3/  5.50   1.000   9.890 
2ozg/w3/  6.00   1.000   8.850 
2ozj/w1/  1.60   0.889  16.370 
2ozj/w1/  2.00   1.000  17.800 
2ozj/w1/  2.50   0.889  15.360 
2ozj/w1/  3.00   0.889  12.460 
2ozj/w1/  3.50   0.778   9.850 
2ozj/w1/  4.00   0.778   8.160 
2ozj/w1/  4.50   0.778   6.380 
2ozj/w1/  5.00   0.111   5.550 
2ozj/w1/  5.50   0.000   4.820 
2ozj/w1/  6.00   0.111   4.040 
2ozj/w2/  1.60   0.667  10.200 
2ozj/w2/  2.00   0.667  12.790 
2ozj/w2/  2.50   0.778  12.930 
2ozj/w2/  3.00   0.778  11.160 
2ozj/w2/  3.50   0.667   9.070 
2ozj/w2/  4.00   0.667   7.810 
2ozj/w2/  4.50   0.667   6.330 
2ozj/w2/  5.00   0.000   5.630 
2ozj/w2/  5.50   0.222   4.930 
2ozj/w2/  6.00   0.111   4.290 
2ozj/w3/  1.60   1.000  11.270 
2ozj/w3/  2.00   0.778  14.620 
2ozj/w3/  2.50   1.000  14.240 
2ozj/w3/  3.00   0.778  12.140 
2ozj/w3/  3.50   0.778   9.980 
2ozj/w3/  4.00   0.778   8.390 
2ozj/w3/  4.50   0.667   6.720 
2ozj/w3/  5.00   0.333   5.900 
2ozj/w3/  5.50   0.000   5.100 
2ozj/w3/  6.00   0.000   4.380 
2p10/w1/  2.15   0.000   8.130 
2p10/w1/  2.50   0.000   8.830 
2p10/w1/  3.00   0.000   9.520 
2p10/w1/  3.50   0.000   9.410 
2p10/w1/  4.00   0.030   8.580 
2p10/w1/  4.50   0.015   7.530 
2p10/w1/  5.00   0.015   6.440 
2p10/w1/  5.50   0.015   5.590 
2p10/w1/  6.00   0.015   5.000 
2p10/w2/  2.15   0.000   3.640 
2p10/w2/  2.50   0.000   4.100 
2p10/w2/  3.00   0.000   4.810 
2p10/w2/  3.50   0.000   5.330 
2p10/w2/  4.00   0.000   5.310 
2p10/w2/  4.50   0.000   5.080 
2p10/w2/  5.00   0.000   4.690 
2p10/w2/  5.50   0.000   4.130 
2p10/w2/  6.00   0.015   3.870 
2p4o/w1/  1.90   1.000  16.380 
2p4o/w1/  2.50   1.000  19.980 
2p4o/w1/  3.00   1.000  18.490 
2p4o/w1/  3.50   1.000  15.260 
2p4o/w1/  4.00   1.000  13.390 
2p4o/w1/  4.50   1.000  11.440 
2p4o/w1/  5.00   1.000   9.900 
2p4o/w1/  5.50   0.750   8.750 
2p4o/w1/  6.00   0.750   8.160 
2p4o/w2/  1.95   1.000  21.980 
2p4o/w2/  2.50   1.000  24.340 
2p4o/w2/  3.00   1.000  21.340 
2p4o/w2/  3.50   1.000  17.230 
2p4o/w2/  4.00   1.000  14.680 
2p4o/w2/  4.50   1.000  12.360 
2p4o/w2/  5.00   1.000  10.490 
2p4o/w2/  5.50   1.000   9.040 
2p4o/w2/  6.00   0.750   8.300 
2p4o/w3/  1.90   1.000  17.020 
2p4o/w3/  2.50   1.000  20.850 
2p4o/w3/  3.00   1.000  18.850 
2p4o/w3/  3.50   1.000  15.440 
2p4o/w3/  4.00   1.000  13.340 
2p4o/w3/  4.50   1.000  11.570 
2p4o/w3/  5.00   1.000  10.220 
2p4o/w3/  5.50   0.750   8.970 
2p4o/w3/  6.00   0.750   8.390 
2p7h/w1/  1.85   1.000  22.520 
2p7h/w1/  2.50   1.000  26.470 
2p7h/w1/  3.00   1.000  23.420 
2p7h/w1/  3.50   1.000  19.410 
2p7h/w1/  4.00   1.000  16.900 
2p7h/w1/  4.50   1.000  14.160 
2p7h/w1/  5.00   1.000  12.030 
2p7h/w1/  5.50   1.000  10.600 
2p7h/w1/  6.00   0.000   8.760 
2p7i/w1/  1.74   1.000  23.350 
2p7i/w1/  2.00   1.000  25.910 
2p7i/w1/  2.50   1.000  28.290 
2p7i/w1/  3.00   1.000  25.420 
2p7i/w1/  3.50   1.000  21.590 
2p7i/w1/  4.00   1.000  17.700 
2p7i/w1/  4.50   1.000  15.260 
2p7i/w1/  5.00   1.000  13.430 
2p7i/w1/  5.50   1.000  11.230 
2p7i/w1/  6.00   1.000   9.060 
2p7i/w2/  1.79   1.000  26.320 
2p7i/w2/  2.00   1.000  28.300 
2p7i/w2/  2.50   1.000  29.830 
2p7i/w2/  3.00   1.000  26.390 
2p7i/w2/  3.50   1.000  22.220 
2p7i/w2/  4.00   1.000  18.030 
2p7i/w2/  4.50   1.000  15.510 
2p7i/w2/  5.00   1.000  13.680 
2p7i/w2/  5.50   1.000  11.230 
2p7i/w2/  6.00   1.000   9.010 
2p97/w1/  1.65   0.900  26.770 
2p97/w1/  2.00   0.900  29.350 
2p97/w1/  2.50   0.900  26.070 
2p97/w1/  3.00   0.900  21.290 
2p97/w1/  3.50   0.900  16.420 
2p97/w1/  4.00   0.900  13.130 
2p97/w1/  4.50   0.800  11.120 
2p97/w1/  5.00   0.800   9.430 
2p97/w1/  5.50   0.000   7.690 
2p97/w1/  6.00   0.100   6.970 
2p97/w2/  1.65   0.800  18.960 
2p97/w2/  2.00   0.800  22.490 
2p97/w2/  2.50   0.800  21.480 
2p97/w2/  3.00   0.900  18.340 
2p97/w2/  3.50   0.800  15.330 
2p97/w2/  4.00   0.800  12.890 
2p97/w2/  4.50   0.800  11.190 
2p97/w2/  5.00   0.700   9.890 
2p97/w2/  5.50   0.700   8.310 
2p97/w2/  6.00   0.600   7.540 
2p97/w3/  1.65   0.800  17.540 
2p97/w3/  2.00   0.800  20.700 
2p97/w3/  2.50   0.800  20.020 
2p97/w3/  3.00   0.900  17.070 
2p97/w3/  3.50   0.800  14.140 
2p97/w3/  4.00   0.800  11.840 
2p97/w3/  4.50   0.700  10.360 
2p97/w3/  5.00   0.700   9.350 
2p97/w3/  5.50   0.600   7.970 
2p97/w3/  6.00   0.600   7.310 
2p97/w4/  1.65   0.800  23.540 
2p97/w4/  2.00   0.800  25.910 
2p97/w4/  2.50   0.900  24.090 
2p97/w4/  3.00   0.900  20.220 
2p97/w4/  3.50   0.900  16.430 
2p97/w4/  4.00   0.800  13.700 
2p97/w4/  4.50   0.800  11.740 
2p97/w4/  5.00   0.800  10.250 
2p97/w4/  5.50   0.600   8.520 
2p97/w4/  6.00   0.600   7.800 
2pg3/w1/  2.40   1.000  16.240 
2pg3/w1/  3.00   1.000  16.900 
2pg3/w1/  3.50   1.000  14.500 
2pg3/w1/  4.00   1.000  12.830 
2pg3/w1/  4.50   1.000  10.730 
2pg3/w1/  5.00   1.000   8.850 
2pg3/w1/  5.50   1.000   7.630 
2pg3/w1/  6.00   0.000   6.690 
2pg4/w1/  2.21   0.000   7.530 
2pg4/w1/  2.50   0.000   8.020 
2pg4/w1/  3.00   0.333   8.640 
2pg4/w1/  3.50   0.000   8.550 
2pg4/w1/  4.00   0.000   7.550 
2pg4/w1/  4.50   0.000   6.450 
2pg4/w1/  5.00   0.000   6.090 
2pg4/w1/  5.50   0.000   5.280 
2pg4/w1/  6.00   0.333   5.000 
2pg4/w2/  2.21   1.000   9.680 
2pg4/w2/  2.50   1.000  10.620 
2pg4/w2/  3.00   1.000  11.440 
2pg4/w2/  3.50   1.000  10.780 
2pg4/w2/  4.00   0.667   9.290 
2pg4/w2/  4.50   0.333   7.670 
2pg4/w2/  5.00   0.333   6.970 
2pg4/w2/  5.50   0.667   5.840 
2pg4/w2/  6.00   0.667   5.350 
2pgc/w1/  2.53   0.026   6.350 
2pgc/w1/  3.00   0.026   7.570 
2pgc/w1/  3.50   0.026   8.290 
2pgc/w1/  4.00   0.026   7.840 
2pgc/w1/  4.50   0.026   7.020 
2pgc/w1/  5.00   0.053   6.110 
2pgc/w1/  5.50   0.026   5.280 
2pgc/w1/  6.00   0.000   4.760 
2pgc/w2/  2.60   0.000   5.890 
2pgc/w2/  3.00   0.000   6.890 
2pgc/w2/  3.50   0.000   7.860 
2pgc/w2/  4.00   0.026   7.450 
2pgc/w2/  4.50   0.053   6.780 
2pgc/w2/  5.00   0.026   5.960 
2pgc/w2/  5.50   0.026   5.220 
2pgc/w2/  6.00   0.000   4.760 
2pim/w1/  2.20   1.000  11.650 
2pim/w1/  2.50   1.000  12.220 
2pim/w1/  3.00   1.000  12.290 
2pim/w1/  3.50   1.000  10.880 
2pim/w1/  4.00   1.000   9.170 
2pim/w1/  4.50   1.000   7.550 
2pim/w1/  5.00   0.200   6.180 
2pim/w1/  5.50   0.000   5.540 
2pim/w1/  6.00   0.200   4.820 
2pim/w2/  2.20   1.000  14.870 
2pim/w2/  2.50   1.000  14.500 
2pim/w2/  3.00   1.000  13.250 
2pim/w2/  3.50   1.000  11.200 
2pim/w2/  4.00   1.000   9.060 
2pim/w2/  4.50   1.000   7.400 
2pim/w2/  5.00   0.600   5.890 
2pim/w2/  5.50   0.400   5.250 
2pim/w2/  6.00   0.000   4.560 
2pn1/w1/  2.00   0.143   9.720 
2pn1/w1/  2.50   1.000   9.830 
2pn1/w1/  3.00   1.000  10.050 
2pn1/w1/  3.50   1.000  10.100 
2pn1/w1/  4.00   0.857   9.460 
2pn1/w1/  4.50   1.000   8.170 
2pn1/w1/  5.00   0.143   7.000 
2pn1/w1/  5.50   0.000   6.340 
2pn1/w1/  6.00   0.000   5.800 
2pn1/w2/  2.00   0.429  13.200 
2pn1/w2/  2.50   1.000  13.020 
2pn1/w2/  3.00   1.000  12.670 
2pn1/w2/  3.50   1.000  11.720 
2pn1/w2/  4.00   1.000  10.860 
2pn1/w2/  4.50   1.000   9.060 
2pn1/w2/  5.00   1.000   7.700 
2pn1/w2/  5.50   1.000   6.740 
2pn1/w2/  6.00   0.000   5.910 
2pnk/w1/  2.00  -0.005  10.200 
2pnk/w1/  2.50  -0.005  11.740 
2pnk/w1/  3.00  -0.005  11.650 
2pnk/w1/  3.50  -0.005  10.390 
2pnk/w1/  4.00  -0.005   8.870 
2pnk/w1/  4.50  -0.005   7.440 
2pnk/w1/  5.00  -0.005   6.430 
2pnk/w1/  5.50  -0.005   5.690 
2pnk/w1/  6.00  -0.005   4.970 
2pnk/w2/  2.00  -0.005  11.160 
2pnk/w2/  2.50  -0.005  12.080 
2pnk/w2/  3.00  -0.005  11.680 
2pnk/w2/  3.50  -0.005  10.170 
2pnk/w2/  4.00  -0.005   8.550 
2pnk/w2/  4.50  -0.005   7.080 
2pnk/w2/  5.00  -0.005   6.040 
2pnk/w2/  5.50  -0.005   5.300 
2pnk/w2/  6.00  -0.005   4.640 
2ppv/w1/  2.00   0.000  10.110 
2ppv/w1/  2.50   1.000  13.900 
2ppv/w1/  3.00   1.000  14.500 
2ppv/w1/  3.50   1.000  13.490 
2ppv/w1/  4.00   1.000  12.080 
2ppv/w1/  4.50   1.000  10.620 
2ppv/w1/  5.00   1.000   9.460 
2ppv/w1/  5.50   0.143   8.270 
2ppv/w1/  6.00   0.000   7.250 
2ppv/w2/  2.11   1.000   9.890 
2ppv/w2/  2.50   1.000  12.410 
2ppv/w2/  3.00   1.000  13.340 
2ppv/w2/  3.50   1.000  13.270 
2ppv/w2/  4.00   1.000  12.450 
2ppv/w2/  4.50   1.000  11.390 
2ppv/w2/  5.00   1.000  10.030 
2ppv/w2/  5.50   1.000   8.810 
2ppv/w2/  6.00   0.000   7.770 
2pr1/w1/  3.20   0.200   9.330 
2pr1/w1/  3.50   0.800   9.240 
2pr1/w1/  4.00   0.800   8.340 
2pr1/w1/  4.50   0.733   7.530 
2pr1/w1/  5.00   0.000   6.460 
2pr1/w1/  5.50   0.267   5.760 
2pr1/w1/  6.00   0.000   5.020 
2pr7/w1/  1.44   0.750  20.110 
2pr7/w1/  2.00   1.000  22.780 
2pr7/w1/  2.50   1.000  19.340 
2pr7/w1/  3.00   1.000  15.530 
2pr7/w1/  3.50   1.000  12.190 
2pr7/w1/  4.00   1.000  10.340 
2pr7/w1/  4.50   0.750   8.820 
2pr7/w1/  5.00   0.500   7.850 
2pr7/w1/  5.50   0.750   6.820 
2pr7/w1/  6.00   0.500   5.770 
2pr7/w2/  1.55   0.250  17.140 
2pr7/w2/  2.00   0.500  18.690 
2pr7/w2/  2.50   0.750  16.130 
2pr7/w2/  3.00   0.750  12.860 
2pr7/w2/  3.50   0.500  10.230 
2pr7/w2/  4.00   0.750   9.010 
2pr7/w2/  4.50   0.750   7.710 
2pr7/w2/  5.00   0.250   6.850 
2pr7/w2/  5.50   0.250   6.030 
2pr7/w2/  6.00   0.250   5.290 
2prv/w1/  1.30   1.000  31.800 
2prv/w1/  2.00   1.000  31.420 
2prv/w1/  2.50   0.750  23.270 
2prv/w1/  3.00   0.750  18.320 
2prv/w1/  3.50   0.750  15.540 
2prv/w1/  4.00   0.750  13.120 
2prv/w1/  4.50   0.750  10.750 
2prv/w1/  5.00   0.750   9.350 
2prv/w1/  5.50   0.750   8.460 
2prv/w1/  6.00   0.750   7.520 
2prv/w2/  1.30   0.750  22.280 
2prv/w2/  2.00   0.750  22.050 
2prv/w2/  2.50   1.000  16.400 
2prv/w2/  3.00   0.750  12.580 
2prv/w2/  3.50   0.500  10.120 
2prv/w2/  4.00   0.500   8.400 
2prv/w2/  4.50   0.500   7.000 
2prv/w2/  5.00   0.500   6.320 
2prv/w2/  5.50   0.500   5.870 
2prv/w2/  6.00   0.250   5.210 
2prv/w3/  1.37   1.000  29.450 
2prv/w3/  2.00   1.000  30.170 
2prv/w3/  2.50   1.000  23.610 
2prv/w3/  3.00   1.000  18.700 
2prv/w3/  3.50   0.750  15.400 
2prv/w3/  4.00   0.750  13.280 
2prv/w3/  4.50   0.750  10.910 
2prv/w3/  5.00   0.750   9.560 
2prv/w3/  5.50   0.750   8.750 
2prv/w3/  6.00   0.750   7.810 
2pv4/w1/  1.95   1.000  17.150 
2pv4/w1/  2.50   1.000  17.440 
2pv4/w1/  3.00   0.800  14.290 
2pv4/w1/  3.50   0.800  11.900 
2pv4/w1/  4.00   0.800   9.500 
2pv4/w1/  4.50   0.800   7.260 
2pv4/w1/  5.00   0.400   5.680 
2pv4/w1/  5.50   0.200   4.790 
2pv4/w1/  6.00   0.000   4.260 
2pv4/w2/  1.95   1.000  20.920 
2pv4/w2/  2.50   0.800  18.710 
2pv4/w2/  3.00   0.800  14.780 
2pv4/w2/  3.50   0.800  11.800 
2pv4/w2/  4.00   0.800   9.300 
2pv4/w2/  4.50   0.600   7.150 
2pv4/w2/  5.00   0.600   5.590 
2pv4/w2/  5.50   0.200   4.610 
2pv4/w2/  6.00   0.000   4.100 
2pv4/w3/  1.95   1.000  21.880 
2pv4/w3/  2.50   0.800  19.170 
2pv4/w3/  3.00   0.800  15.050 
2pv4/w3/  3.50   0.800  11.840 
2pv4/w3/  4.00   0.800   9.260 
2pv4/w3/  4.50   0.800   7.250 
2pv4/w3/  5.00   0.800   5.600 
2pv4/w3/  5.50   0.000   4.680 
2pv4/w3/  6.00   0.200   4.120 
2pw4/w1/  1.45   0.667  23.970 
2pw4/w1/  2.00   0.667  29.310 
2pw4/w1/  2.50   0.667  25.330 
2pw4/w1/  3.00   0.667  20.870 
2pw4/w1/  3.50   0.667  16.220 
2pw4/w1/  4.00   0.667  13.350 
2pw4/w1/  4.50   0.667  11.020 
2pw4/w1/  5.00   0.333   8.950 
2pw4/w1/  5.50   0.000   8.090 
2pw4/w1/  6.00   0.333   7.250 
2pw4/w2/  1.45   0.667  19.580 
2pw4/w2/  2.00   0.667  24.860 
2pw4/w2/  2.50   0.667  22.300 
2pw4/w2/  3.00   0.667  18.650 
2pw4/w2/  3.50   0.667  14.910 
2pw4/w2/  4.00   0.667  11.980 
2pw4/w2/  4.50   0.667  10.100 
2pw4/w2/  5.00   0.667   7.890 
2pw4/w2/  5.50   0.667   7.290 
2pw4/w2/  6.00   0.333   6.640 
2pw4/w3/  1.45   1.000  30.140 
2pw4/w3/  2.00   1.000  34.930 
2pw4/w3/  2.50   0.667  29.560 
2pw4/w3/  3.00   1.000  24.010 
2pw4/w3/  3.50   0.667  18.900 
2pw4/w3/  4.00   0.667  15.500 
2pw4/w3/  4.50   0.667  12.850 
2pw4/w3/  5.00   0.667  10.270 
2pw4/w3/  5.50   0.667   9.270 
2pw4/w3/  6.00   0.667   8.390 
2wcd/w1/  3.29   0.042   3.150 
2wcd/w1/  4.00   0.042   3.630 
2wcd/w1/  4.50   0.042   3.540 
2wcd/w1/  5.00   0.042   3.350 
2wcd/w1/  5.50   0.042   3.000 
2wcd/w1/  6.00   0.042   2.810 
2xdd/w1/  3.20   0.167   1.810 
2xdd/w1/  3.50   0.167   1.940 
2xdd/w1/  4.00   0.167   1.800 
2xdd/w1/  4.50   0.167   1.600 
2xdd/w1/  5.00   0.167   1.410 
2xdd/w1/  5.50   0.083   1.440 
2xdd/w1/  6.00   0.083   1.190 
2zxh/w1/  3.20   0.000  11.590 
2zxh/w1/  3.50   0.000  12.570 
2zxh/w1/  4.00   1.000  13.980 
2zxh/w1/  4.50   1.000  13.420 
2zxh/w1/  5.00   0.091  12.400 
2zxh/w1/  5.50   1.000  11.240 
2zxh/w1/  6.00   1.000  10.260 
3caz/w1/  3.34   1.000  10.360 
3caz/w1/  4.00   1.000  12.020 
3caz/w1/  4.50   1.000  11.600 
3caz/w1/  5.00   1.000  10.350 
3caz/w1/  5.50   1.000   9.530 
3caz/w1/  6.00   0.000   8.550 
3din/w1/  4.50   0.000   0.590 
3din/w1/  5.00   0.000   0.710 
3din/w1/  5.50   0.000   0.800 
3din/w1/  6.00   0.012   0.960 
3dto/w1/  3.32   0.031   4.360 
3dto/w1/  4.00   0.031   4.490 
3dto/w1/  4.50   0.031   4.310 
3dto/w1/  5.00   0.062   3.860 
3dto/w1/  5.50   0.031   3.380 
3dto/w1/  6.00   0.031   3.190 
3fx0/w1/  3.29   0.000  12.390 
3fx0/w1/  3.50   0.500  13.070 
3fx0/w1/  4.00   0.500  11.730 
3fx0/w1/  4.50   0.500  10.470 
3fx0/w1/  5.00   0.000   8.880 
3fx0/w1/  5.50   0.500   7.690 
3fx0/w1/  6.00   0.000   7.270 
3guw/w1/  3.20   0.042   5.130 
3guw/w1/  3.50   0.125   5.210 
3guw/w1/  4.00   0.042   5.220 
3guw/w1/  4.50   0.083   4.400 
3guw/w1/  5.00   0.083   3.790 
3guw/w1/  5.50   0.083   3.440 
3guw/w1/  6.00   0.083   2.960 
3gw7/w1/  3.30   0.750   8.530 
3gw7/w1/  4.00   0.750   9.190 
3gw7/w1/  4.50   0.750   9.360 
3gw7/w1/  5.00   0.750   7.720 
3gw7/w1/  5.50   0.750   7.010 
3gw7/w1/  6.00   0.750   6.110 
3hxk/w1/  3.20   0.500   9.490 
3hxk/w1/  3.50   0.750  10.230 
3hxk/w1/  4.00   0.000  10.780 
3hxk/w1/  4.50   0.750  10.340 
3hxk/w1/  5.00   0.000   9.690 
3hxk/w1/  5.50   0.000   8.730 
3hxk/w1/  6.00   0.000   7.570 
3hxp/w1/  3.20   1.000  11.490 
3hxp/w1/  3.50   1.000  11.580 
3hxp/w1/  4.00   1.000  11.980 
3hxp/w1/  4.50   1.000  10.450 
3hxp/w1/  5.00   1.000   9.360 
3hxp/w1/  5.50   1.000   8.300 
3hxp/w1/  6.00   0.750   6.980 
3lml/w1/  3.30   1.000  16.960 
3lml/w1/  4.00   1.000  16.560 
3lml/w1/  4.50   1.000  15.120 
3lml/w1/  5.00   1.000  13.490 
3lml/w1/  5.50   1.000  12.130 
3lml/w1/  6.00   1.000  11.140 
3mv3/w1/  3.25   0.733   8.410 
3mv3/w1/  4.00   0.733   9.060 
3mv3/w1/  4.50   0.733   8.610 
3mv3/w1/  5.00   0.800   7.930 
3mv3/w1/  5.50   0.800   7.360 
3mv3/w1/  6.00   0.800   6.720 
3ov0/w1/  3.20   1.000  11.110 
3ov0/w1/  3.50   1.000  11.340 
3ov0/w1/  4.00   1.000  11.080 
3ov0/w1/  4.50   1.000   9.790 
3ov0/w1/  5.00   0.333   8.370 
3ov0/w1/  5.50   0.000   6.960 
3ov0/w1/  6.00   0.083   5.940 
3pg5/w1/  3.30   0.042  11.950 
3pg5/w1/  4.00   1.000  12.280 
3pg5/w1/  4.50   0.000  11.660 
3pg5/w1/  5.00   0.000  10.460 
3pg5/w1/  5.50   0.000   9.130 
3pg5/w1/  6.00   0.042   8.380 
3zgx/w1/  3.40   0.882   8.130 
3zgx/w1/  4.00   0.824   7.920 
3zgx/w1/  4.50   0.824   6.630 
3zgx/w1/  5.00   0.824   6.060 
3zgx/w1/  5.50   0.118   5.570 
3zgx/w1/  6.00   0.118   5.120 
3zxu/w1/  3.80   0.000   8.390 
3zxu/w1/  4.00   0.000   8.390 
3zxu/w1/  4.50   0.900   8.740 
3zxu/w1/  5.00   0.000   9.060 
3zxu/w1/  5.50   0.900   8.930 
3zxu/w1/  6.00   0.000   8.680 
4acb/w1/  3.34   1.000  12.940 
4acb/w1/  4.00   0.000  13.560 
4acb/w1/  4.50   1.000  13.850 
4acb/w1/  5.00   0.000  12.750 
4acb/w1/  5.50   1.000  11.670 
4acb/w1/  6.00   1.000  10.730 
4asn/w1/  3.50   1.000  20.980 
4asn/w1/  4.00   1.000  20.960 
4asn/w1/  4.50   1.000  20.170 
4asn/w1/  5.00   1.000  17.490 
4asn/w1/  5.50   1.000  15.690 
4asn/w1/  6.00   1.000  13.900 
4bql/w1/  3.34   0.000   9.020 
4bql/w1/  4.00   0.136   9.970 
4bql/w1/  4.50   0.000  10.110 
4bql/w1/  5.00   0.000   9.590 
4bql/w1/  5.50   0.045   9.030 
4bql/w1/  6.00   0.136   8.320 
4cb0/w1/  3.30   1.000  17.540 
4cb0/w1/  4.00   1.000  16.080 
4cb0/w1/  4.50   0.182  14.480 
4cb0/w1/  5.00   0.182  12.390 
4cb0/w1/  5.50   0.000  10.650 
4cb0/w1/  6.00   1.000   9.410 
4cbv/w1/  3.40   0.000   7.760 
4cbv/w1/  4.00   0.957   9.100 
4cbv/w1/  4.50   0.000   9.520 
4cbv/w1/  5.00   0.000   9.450 
4cbv/w1/  5.50   0.043   9.080 
4cbv/w1/  6.00   0.043   8.490 
4fsx/w1/  3.20   0.267   9.910 
4fsx/w1/  3.50   0.333  10.130 
4fsx/w1/  4.00   1.000  10.330 
4fsx/w1/  4.50   0.367   9.770 
4fsx/w1/  5.00   0.267   9.060 
4fsx/w1/  5.50   0.167   8.420 
4fsx/w1/  6.00   0.767   7.770 
4g9i/w1/  4.50   0.000   7.710 
4g9i/w1/  5.00   0.000   8.180 
4g9i/w1/  5.50   0.000   8.300 
4g9i/w1/  6.00   0.000   8.190 
4gkw/w1/  3.30   0.100   7.940 
4gkw/w1/  4.00   0.100   9.000 
4gkw/w1/  4.50   0.100   8.660 
4gkw/w1/  5.00   0.200   7.870 
4gkw/w1/  5.50   0.000   7.520 
4gkw/w1/  6.00   0.100   6.980 
4h6y/w1/  4.09   0.026   5.940 
4h6y/w1/  4.50   0.026   5.970 
4h6y/w1/  5.00   0.026   5.580 
4h6y/w1/  5.50   0.051   5.090 
4h6y/w1/  6.00   0.051   4.700 
4hkr/w1/  3.35   0.000   2.640 
4hkr/w1/  4.00   0.250   4.970 
4hkr/w1/  4.50   0.250   8.340 
4hkr/w1/  5.00   0.250   9.440 
4hkr/w1/  5.50   0.250   9.990 
4hkr/w1/  6.00   0.250  10.130 
4hnd/w1/  3.20   1.000  19.600 
4hnd/w1/  3.50   1.000  20.950 
4hnd/w1/  4.00   1.000  22.420 
4hnd/w1/  4.50   1.000  21.770 
4hnd/w1/  5.00   1.000  20.100 
4hnd/w1/  5.50   1.000  18.170 
4hnd/w1/  6.00   1.000  17.230 
4ifq/w1/  3.25   1.000  23.190 
4ifq/w1/  4.00   1.000  24.200 
4ifq/w1/  4.50   1.000  22.130 
4ifq/w1/  5.00   1.000  19.000 
4ifq/w1/  5.50   1.000  16.870 
4ifq/w1/  6.00   1.000  15.080 
4lck/w1/  3.20   0.750  10.610 
4lck/w1/  3.50   0.750  11.310 
4lck/w1/  4.00   0.750  13.450 
4lck/w1/  4.50   0.750  14.430 
4lck/w1/  5.00   0.750  13.590 
4lck/w1/  5.50   0.750  12.700 
4lck/w1/  6.00   0.750  11.590 
4m2s/w1/  4.31   0.000   4.250 
4m2s/w1/  4.50   0.000   4.600 
4m2s/w1/  5.00   0.000   4.880 
4m2s/w1/  5.50   0.000   5.270 
4m2s/w1/  6.00   0.000   5.130 
4nsc/w1/  3.20   0.013   9.590 
4nsc/w1/  3.50   0.987   9.790 
4nsc/w1/  4.00   0.960   9.300 
4nsc/w1/  4.50   0.027   8.380 
4nsc/w1/  5.00   0.027   7.460 
4nsc/w1/  5.50   0.013   6.690 
4nsc/w1/  6.00   0.027   6.020 
4nt5/w1/  3.28   1.000  31.500 
4nt5/w1/  4.00   1.000  34.520 
4nt5/w1/  4.50   1.000  30.120 
4nt5/w1/  5.00   1.000  28.860 
4nt5/w1/  5.50   1.000  24.840 
4nt5/w1/  6.00   1.000  24.490 
4px7/w1/  3.20   1.000  10.380 
4px7/w1/  3.50   1.000  10.770 
4px7/w1/  4.00   1.000  10.700 
4px7/w1/  4.50   1.000  10.120 
4px7/w1/  5.00   1.000   8.520 
4px7/w1/  5.50   1.000   7.150 
4px7/w1/  6.00   0.000   6.620 
4q8j/w1/  3.80   0.018   4.960 
4q8j/w1/  4.50   0.009   5.480 
4q8j/w1/  5.00   0.009   5.930 
4q8j/w1/  5.50   0.018   6.100 
4q8j/w1/  6.00   0.018   6.130 
4qka/w1/  3.20   0.000  15.590 
4qka/w1/  3.50   0.000  15.970 
4qka/w1/  4.00   1.000  16.390 
4qka/w1/  4.50   1.000  15.460 
4qka/w1/  5.00   1.000  13.140 
4qka/w1/  5.50   1.000  11.980 
4qka/w1/  6.00   1.000  10.500 
4tq5/w1/  3.20   1.000  11.290 
4tq5/w1/  3.50   1.000  11.930 
4tq5/w1/  4.00   1.000  12.890 
4tq5/w1/  4.50   1.000  12.320 
4tq5/w1/  5.00   1.000  11.200 
4tq5/w1/  5.50   1.000  10.800 
4tq5/w1/  6.00   1.000   9.710 
