Total of 186 directories 
     key    d_min   signal pred_signal
1vjn/w1/  2.00  15.720  12.000 
1vjn/w1/  2.50  15.380  11.000 
1vjn/w1/  3.00  13.310   9.100 
1vjn/w1/  3.50  10.850   6.900 
1vjn/w1/  4.00   8.870   6.300 
1vjn/w1/  4.50   7.180   5.700 
1vjn/w1/  5.00   5.840   5.400 
1vjn/w1/  5.50   4.990   4.900 
1vjn/w1/  6.00   4.720   4.400 
1vjn/w2/  3.00  13.700  13.400 
1vjn/w2/  3.50  11.830  10.600 
1vjn/w2/  4.00  10.820   9.100 
1vjn/w2/  4.50   9.420   7.700 
1vjn/w2/  5.00   8.370   7.300 
1vjn/w2/  5.50   7.480   6.900 
1vjn/w2/  6.00   6.810   6.600 
1vjn/w3/  3.00  18.770  15.000 
1vjn/w3/  3.50  15.730  11.700 
1vjn/w3/  4.00  13.610  10.200 
1vjn/w3/  4.50  11.510   8.600 
1vjn/w3/  5.00   9.790   8.000 
1vjn/w3/  5.50   8.460   7.500 
1vjn/w3/  6.00   7.650   7.100 
1vjr/w1/  2.40  24.770  15.800 
1vjr/w1/  3.00  26.460  14.000 
1vjr/w1/  3.50  24.060  11.400 
1vjr/w1/  4.00  20.890  10.000 
1vjr/w1/  4.50  17.540   8.400 
1vjr/w1/  5.00  14.760   7.900 
1vjr/w1/  5.50  12.750   7.500 
1vjr/w1/  6.00  11.110   7.100 
1vjr/w2/  2.50  16.670  -1.000 
1vjr/w2/  3.00  19.060  -1.000 
1vjr/w2/  3.50  18.810  -1.000 
1vjr/w2/  4.00  17.230  -1.000 
1vjr/w2/  4.50  15.090  -1.000 
1vjr/w2/  5.00  13.190  -1.000 
1vjr/w2/  5.50  11.640  -1.000 
1vjr/w2/  6.00  10.300  -1.000 
1vjr/w3/  2.50   2.320  -1.000 
1vjr/w3/  3.00   3.580  -1.000 
1vjr/w3/  3.50   4.170  -1.000 
1vjr/w3/  4.00   4.130  -1.000 
1vjr/w3/  4.50   4.060  -1.000 
1vjr/w3/  5.00   3.620  -1.000 
1vjr/w3/  5.50   3.560  -1.000 
1vjr/w3/  6.00   3.380  -1.000 
1vjz/w1/  2.05   3.470   2.800 
1vjz/w1/  2.50   3.680   2.800 
1vjz/w1/  3.00   4.060   2.400 
1vjz/w1/  3.50   4.550   1.900 
1vjz/w1/  4.00   4.270   1.800 
1vjz/w1/  4.50   3.680   1.900 
1vjz/w1/  5.00   3.040   1.900 
1vjz/w1/  5.50   2.600   2.000 
1vjz/w1/  6.00   2.560   2.000 
1vjz/w2/  2.50  18.750  16.800 
1vjz/w2/  3.00  19.790  14.500 
1vjz/w2/  3.50  19.730  12.000 
1vjz/w2/  4.00  18.190  10.900 
1vjz/w2/  4.50  15.280   9.300 
1vjz/w2/  5.00  13.200   8.600 
1vjz/w2/  5.50  11.580   8.000 
1vjz/w2/  6.00  10.440   7.500 
1vjz/w3/  2.50  18.010  -1.000 
1vjz/w3/  2.50  18.010  15.000 
1vjz/w3/  3.00  18.360  13.400 
1vjz/w3/  3.50  17.980  11.200 
1vjz/w3/  4.00  16.470  10.000 
1vjz/w3/  4.50  13.900   8.400 
1vjz/w3/  5.00  11.730   7.800 
1vjz/w3/  5.50  10.020   7.300 
1vjz/w3/  6.00   9.100   7.000 
1vk4/w1/  1.91  31.320  34.400 
1vk4/w1/  2.50  28.820  25.700 
1vk4/w1/  3.00  22.430  17.300 
1vk4/w1/  3.50  17.660  12.500 
1vk4/w1/  4.00  14.620  11.100 
1vk4/w1/  4.50  11.950   9.400 
1vk4/w1/  5.00  10.070   8.800 
1vk4/w1/  5.50   8.580   8.100 
1vk4/w1/  6.00   7.720   7.500 
1vk4/w2/  2.00  31.620  -1.000 
1vk4/w2/  2.50  29.490  24.000 
1vk4/w2/  3.00  23.070  16.400 
1vk4/w2/  3.50  18.280  12.200 
1vk4/w2/  4.00  14.970  10.800 
1vk4/w2/  4.50  12.180   9.100 
1vk4/w2/  5.00  10.090   8.500 
1vk4/w2/  5.50   8.650   7.900 
1vk4/w2/  6.00   7.780   7.300 
1vkm/w1/  2.18   1.570   3.200 
1vkm/w1/  2.50   1.960   3.600 
1vkm/w1/  3.00   2.510   3.600 
1vkm/w1/  3.50   2.770   2.500 
1vkm/w1/  4.00   2.590   2.200 
1vkm/w1/  4.50   2.390   1.900 
1vkm/w1/  5.00   2.350   1.900 
1vkm/w1/  5.50   2.330   1.900 
1vkm/w1/  6.00   2.320   1.800 
1vkm/w2/  2.18   9.380  14.700 
1vkm/w2/  2.50  10.400  14.400 
1vkm/w2/  3.00  10.760  12.700 
1vkm/w2/  3.50   9.670  10.000 
1vkm/w2/  4.00   8.460   8.500 
1vkm/w2/  4.50   7.470   7.400 
1vkm/w2/  5.00   6.620   7.000 
1vkm/w2/  5.50   5.890   6.700 
1vkm/w2/  6.00   5.400   6.500 
1vkm/w3/  2.18  12.410  14.200 
1vkm/w3/  2.50  13.030  14.000 
1vkm/w3/  3.00  12.310  12.600 
1vkm/w3/  3.50  10.630   9.900 
1vkm/w3/  4.00   9.040   8.400 
1vkm/w3/  4.50   7.830   7.300 
1vkm/w3/  5.00   6.840   7.000 
1vkm/w3/  5.50   6.000   6.700 
1vkm/w3/  6.00   5.460   6.500 
1vlm/w1/  2.20   1.310   2.100 
1vlm/w1/  2.50   1.430   2.200 
1vlm/w1/  3.00   1.590   2.200 
1vlm/w1/  3.50   2.490   1.900 
1vlm/w1/  4.00   2.540   1.800 
1vlm/w1/  4.50   2.730   1.800 
1vlm/w1/  5.00   2.420   1.900 
1vlm/w1/  5.50   2.090   1.900 
1vlm/w1/  6.00   2.040   1.900 
1vlm/w2/  2.20   8.440  12.900 
1vlm/w2/  2.50   9.160  12.800 
1vlm/w2/  3.00  10.190  12.000 
1vlm/w2/  3.50  10.830   9.600 
1vlm/w2/  4.00  10.490   8.300 
1vlm/w2/  4.50   9.750   7.200 
1vlm/w2/  5.00   8.970   7.000 
1vlm/w2/  5.50   7.940   6.700 
1vlm/w2/  6.00   7.320   6.500 
1vlm/w3/  2.79   8.160  10.600 
1vlm/w3/  3.00   8.790  10.100 
1vlm/w3/  3.50  10.290   8.300 
1vlm/w3/  4.00  10.570   7.600 
1vlm/w3/  4.50   9.970   6.900 
1vlm/w3/  5.00   8.960   6.700 
1vlm/w3/  5.50   7.760   6.500 
1vlm/w3/  6.00   7.270   6.300 
1vqr/w1/  2.25  15.100  14.200 
1vqr/w1/  3.00  14.710  12.500 
1vqr/w1/  3.50  13.680  10.000 
1vqr/w1/  4.00  12.110   8.700 
1vqr/w1/  4.50  10.760   7.400 
1vqr/w1/  5.00   9.450   7.100 
1vqr/w1/  5.50   8.400   6.800 
1vqr/w1/  6.00   7.330   6.500 
1z82/w1/  2.00   9.600  15.300 
1z82/w1/  2.50  11.580  14.300 
1z82/w1/  3.00  11.530  12.600 
1z82/w1/  3.50  10.230   9.800 
1z82/w1/  4.00   8.800   8.300 
1z82/w1/  4.50   7.470   7.200 
1z82/w1/  5.00   6.680   7.000 
1z82/w1/  5.50   6.010   6.700 
1z82/w1/  6.00   5.460   6.500 
1z82/w2/  2.00  13.840  17.700 
1z82/w2/  2.50  14.240  15.600 
1z82/w2/  3.00  12.580  13.100 
1z82/w2/  3.50  10.420  10.200 
1z82/w2/  4.00   8.510   8.700 
1z82/w2/  4.50   6.910   7.500 
1z82/w2/  5.00   6.090   7.100 
1z82/w2/  5.50   5.300   6.800 
1z82/w2/  6.00   4.630   6.600 
1zy9/w1/  2.34   6.750   9.900 
1zy9/w1/  3.00   8.750   9.700 
1zy9/w1/  3.50   8.670   7.700 
1zy9/w1/  4.00   8.560   7.000 
1zy9/w1/  4.50   8.020   6.500 
1zy9/w1/  5.00   7.590   6.300 
1zy9/w1/  5.50   7.150   6.100 
1zy9/w1/  6.00   6.630   6.000 
1zy9/w2/  2.37   8.180   8.700 
1zy9/w2/  3.00   9.830   8.600 
1zy9/w2/  3.50  10.530   7.100 
1zy9/w2/  4.00  10.260   6.700 
1zy9/w2/  4.50   9.630   6.200 
1zy9/w2/  5.00   9.110   6.000 
1zy9/w2/  5.50   8.520   5.900 
1zy9/w2/  6.00   7.870   5.600 
1zy9/w3/  2.99   8.640   8.300 
1zy9/w3/  3.00   8.640   8.200 
1zy9/w3/  3.50  10.070   7.200 
1zy9/w3/  4.00  10.580   6.900 
1zy9/w3/  4.50  10.050   6.500 
1zy9/w3/  5.00   9.410   6.400 
1zy9/w3/  5.50   8.700   6.300 
1zy9/w3/  6.00   8.260   6.200 
1zyb/w1/  2.10   9.460  22.100 
1zyb/w1/  2.50  12.830  20.800 
1zyb/w1/  3.00  14.570  15.700 
1zyb/w1/  3.50  14.500  12.100 
1zyb/w1/  4.00  12.960  10.700 
1zyb/w1/  4.50  11.250   9.000 
1zyb/w1/  5.00   9.530   8.400 
1zyb/w1/  5.50   8.350   7.800 
1zyb/w1/  6.00   7.480   7.300 
1zyb/w2/  2.10  13.530  17.700 
1zyb/w2/  2.50  17.680  17.800 
1zyb/w2/  3.00  19.500  14.700 
1zyb/w2/  3.50  18.440  11.700 
1zyb/w2/  4.00  15.860  10.300 
1zyb/w2/  4.50  13.760   8.700 
1zyb/w2/  5.00  11.700   8.100 
1zyb/w2/  5.50  10.150   7.600 
1zyb/w2/  6.00   8.950   7.200 
2a2o/w1/  2.16  24.320  14.700 
2a2o/w1/  2.50  25.030  14.200 
2a2o/w1/  3.00  23.180  12.700 
2a2o/w1/  3.50  20.020  10.000 
2a2o/w1/  4.00  16.930   8.600 
2a2o/w1/  4.50  14.480   7.400 
2a2o/w1/  5.00  12.540   7.100 
2a2o/w1/  5.50  10.930   6.800 
2a2o/w1/  6.00   9.510   6.500 
2a2o/w2/  2.16  15.250  12.400 
2a2o/w2/  2.50  16.260  12.500 
2a2o/w2/  3.00  16.690  11.600 
2a2o/w2/  3.50  15.650   9.100 
2a2o/w2/  4.00  14.190   7.900 
2a2o/w2/  4.50  12.740   7.000 
2a2o/w2/  5.00  11.390   6.800 
2a2o/w2/  5.50  10.190   6.500 
2a2o/w2/  6.00   9.090   6.300 
2a3n/w1/  1.23  38.120  33.900 
2a3n/w1/  1.50  38.280  33.700 
2a3n/w1/  2.00  29.480  26.900 
2a3n/w1/  2.50  21.990  18.100 
2a3n/w1/  3.00  16.790  13.300 
2a3n/w1/  3.50  13.360  10.100 
2a3n/w1/  4.00  10.940   8.400 
2a3n/w1/  4.50   9.360   7.200 
2a3n/w1/  5.00   7.890   6.800 
2a3n/w1/  5.50   6.940   6.500 
2a3n/w1/  6.00   5.940   6.300 
2a3n/w2/  1.34  42.610  35.200 
2a3n/w2/  1.50  41.540  30.700 
2a3n/w2/  2.00  30.320  24.800 
2a3n/w2/  2.50  22.350  16.700 
2a3n/w2/  3.00  17.290  12.800 
2a3n/w2/  3.50  13.690   9.600 
2a3n/w2/  4.00  11.110   7.900 
2a3n/w2/  4.50   9.330   6.900 
2a3n/w2/  5.00   7.520   6.600 
2a3n/w2/  5.50   6.530   6.300 
2a3n/w2/  6.00   5.700   6.100 
2a3n/w3/  1.23  43.360  34.800 
2a3n/w3/  1.50  40.230  33.000 
2a3n/w3/  2.00  29.740  26.800 
2a3n/w3/  2.50  22.160  18.200 
2a3n/w3/  3.00  17.210  13.400 
2a3n/w3/  3.50  13.720  10.200 
2a3n/w3/  4.00  11.000   8.500 
2a3n/w3/  4.50   9.220   7.200 
2a3n/w3/  5.00   7.580   6.900 
2a3n/w3/  5.50   6.560   6.600 
2a3n/w3/  6.00   5.590   6.300 
2a6b/w1/  1.70   7.220   5.800 
2a6b/w1/  2.00   8.580   6.200 
2a6b/w1/  2.50   7.760   6.100 
2a6b/w1/  3.00   6.480   5.300 
2a6b/w1/  3.50   5.520   3.300 
2a6b/w1/  4.00   4.640   2.500 
2a6b/w1/  4.50   4.110   2.000 
2a6b/w1/  5.00   3.030   1.900 
2a6b/w1/  5.50   2.300   1.900 
2a6b/w1/  6.00   1.970   1.800 
2a6b/w2/  2.11  10.770  11.500 
2a6b/w2/  2.50  12.080  11.500 
2a6b/w2/  3.00  13.380  10.700 
2a6b/w2/  3.50  12.950   8.200 
2a6b/w2/  4.00  12.100   7.300 
2a6b/w2/  4.50  10.000   6.600 
2a6b/w2/  5.00   8.290   6.300 
2a6b/w2/  5.50   7.560   6.100 
2a6b/w2/  6.00   6.470   6.000 
2a6b/w3/  2.11  14.350  12.800 
2a6b/w3/  2.50  17.280  12.600 
2a6b/w3/  3.00  18.820  11.800 
2a6b/w3/  3.50  17.590   9.300 
2a6b/w3/  4.00  15.050   8.100 
2a6b/w3/  4.50  12.930   7.000 
2a6b/w3/  5.00  10.530   6.700 
2a6b/w3/  5.50   8.950   6.500 
2a6b/w3/  6.00   7.330   6.400 
2a6b/w4/  2.11   9.750  13.300 
2a6b/w4/  2.50  11.630  13.100 
2a6b/w4/  3.00  12.970  12.200 
2a6b/w4/  3.50  13.110   9.600 
2a6b/w4/  4.00  11.870   8.300 
2a6b/w4/  4.50  10.060   7.100 
2a6b/w4/  5.00   8.140   6.800 
2a6b/w4/  5.50   7.170   6.500 
2a6b/w4/  6.00   6.050   6.400 
2aml/w1/  1.50  25.230  26.300 
2aml/w1/  2.00  26.560  26.300 
2aml/w1/  2.50  21.880  19.700 
2aml/w1/  3.00  17.560  14.200 
2aml/w1/  3.50  14.160  11.000 
2aml/w1/  4.00  11.840   9.400 
2aml/w1/  4.50  10.050   7.900 
2aml/w1/  5.00   8.730   7.400 
2aml/w1/  5.50   7.540   6.900 
2aml/w1/  6.00   6.490   6.600 
2aml/w2/  1.50  37.540  28.100 
2aml/w2/  2.00  31.540  27.600 
2aml/w2/  2.50  23.870  20.500 
2aml/w2/  3.00  18.660  14.400 
2aml/w2/  3.50  14.710  11.200 
2aml/w2/  4.00  12.140   9.500 
2aml/w2/  4.50  10.020   7.900 
2aml/w2/  5.00   8.590   7.400 
2aml/w2/  5.50   7.460   7.000 
2aml/w2/  6.00   6.500   6.600 
2avn/w1/  2.35  14.490  13.200 
2avn/w1/  3.00  15.810  12.800 
2avn/w1/  3.50  16.280  10.900 
2avn/w1/  4.00  15.090   9.800 
2avn/w1/  4.50  13.110   8.300 
2avn/w1/  5.00  11.370   7.800 
2avn/w1/  5.50   9.950   7.400 
2avn/w1/  6.00   8.700   7.000 
2avn/w2/  2.44  10.880  19.100 
2avn/w2/  3.00  13.350  15.600 
2avn/w2/  3.50  13.300  12.300 
2avn/w2/  4.00  12.420  11.000 
2avn/w2/  4.50  11.020   9.400 
2avn/w2/  5.00   9.700   8.800 
2avn/w2/  5.50   8.570   8.100 
2avn/w2/  6.00   7.640   7.600 
2avn/w3/  2.44  10.570  16.400 
2avn/w3/  3.00  12.930  14.500 
2avn/w3/  3.50  13.000  11.900 
2avn/w3/  4.00  12.320  10.600 
2avn/w3/  4.50  11.080   9.000 
2avn/w3/  5.00   9.840   8.400 
2avn/w3/  5.50   8.650   7.900 
2avn/w3/  6.00   7.740   7.400 
2b8m/w1/  1.70  17.830  20.100 
2b8m/w1/  2.00  19.050  20.600 
2b8m/w1/  2.50  17.490  15.900 
2b8m/w1/  3.00  14.150  12.900 
2b8m/w1/  3.50  11.620   9.900 
2b8m/w1/  4.00  10.060   8.400 
2b8m/w1/  4.50   8.220   7.300 
2b8m/w1/  5.00   6.810   6.900 
2b8m/w1/  5.50   5.480   6.600 
2b8m/w1/  6.00   4.860   6.300 
2b8m/w2/  1.80   8.200  13.700 
2b8m/w2/  2.00   8.780  14.300 
2b8m/w2/  2.50  10.110  13.600 
2b8m/w2/  3.00   9.750  12.000 
2b8m/w2/  3.50   9.280   9.100 
2b8m/w2/  4.00   8.830   7.800 
2b8m/w2/  4.50   7.670   6.900 
2b8m/w2/  5.00   6.570   6.600 
2b8m/w2/  5.50   5.710   6.400 
2b8m/w2/  6.00   5.220   6.100 
2b8m/w3/  1.80   1.780   2.300 
2b8m/w3/  2.00   2.060   2.500 
2b8m/w3/  2.50   2.640   2.700 
2b8m/w3/  3.00   2.370   2.300 
2b8m/w3/  3.50   2.770   1.900 
2b8m/w3/  4.00   2.970   1.800 
2b8m/w3/  4.50   2.660   1.900 
2b8m/w3/  5.00   2.380   1.900 
2b8m/w3/  5.50   2.530   2.000 
2b8m/w3/  6.00   2.430   2.100 
2etd/w1/  2.28   4.770   4.400 
2etd/w1/  3.00   5.440   3.800 
2etd/w1/  3.50   5.220   2.600 
2etd/w1/  4.00   5.130   2.200 
2etd/w1/  4.50   4.190   1.900 
2etd/w1/  5.00   3.630   1.900 
2etd/w1/  5.50   2.780   1.800 
2etd/w1/  6.00   1.930   1.800 
2etd/w2/  2.28  25.840  20.300 
2etd/w2/  3.00  24.320  15.000 
2etd/w2/  3.50  21.100  11.900 
2etd/w2/  4.00  19.780  10.500 
2etd/w2/  4.50  16.910   8.900 
2etd/w2/  5.00  14.460   8.200 
2etd/w2/  5.50  12.890   7.700 
2etd/w2/  6.00  10.940   7.200 
2etd/w3/  2.29  30.330  18.500 
2etd/w3/  3.00  28.640  15.000 
2etd/w3/  3.50  24.410  12.100 
2etd/w3/  4.00  22.630  10.700 
2etd/w3/  4.50  18.730   9.100 
2etd/w3/  5.00  16.040   8.500 
2etd/w3/  5.50  13.940   7.900 
2etd/w3/  6.00  12.190   7.400 
2etj/w1/  1.74  23.370  17.700 
2etj/w1/  2.00  23.700  18.800 
2etj/w1/  2.50  20.650  15.900 
2etj/w1/  3.00  16.610  13.000 
2etj/w1/  3.50  13.480  10.000 
2etj/w1/  4.00  11.910   8.500 
2etj/w1/  4.50  10.260   7.200 
2etj/w1/  5.00   9.070   6.900 
2etj/w1/  5.50   8.170   6.600 
2etj/w1/  6.00   7.080   6.400 
2etj/w2/  1.74   3.700   4.700 
2etj/w2/  2.00   4.120   5.300 
2etj/w2/  2.50   4.970   5.200 
2etj/w2/  3.00   5.030   4.300 
2etj/w2/  3.50   4.150   2.500 
2etj/w2/  4.00   3.660   2.100 
2etj/w2/  4.50   3.460   1.800 
2etj/w2/  5.00   3.620   1.800 
2etj/w2/  5.50   3.260   1.800 
2etj/w2/  6.00   2.900   1.800 
2ets/w1/  2.25  17.990  13.200 
2ets/w1/  3.00  17.580  12.400 
2ets/w1/  3.50  15.680   9.800 
2ets/w1/  4.00  13.150   8.300 
2ets/w1/  4.50  11.440   7.200 
2ets/w1/  5.00   9.740   6.800 
2ets/w1/  5.50   8.660   6.600 
2ets/w1/  6.00   7.720   6.400 
2etv/w1/  1.70  21.490  16.100 
2etv/w1/  2.00  24.920  18.800 
2etv/w1/  2.50  26.100  17.700 
2etv/w1/  3.00  22.990  14.500 
2etv/w1/  3.50  19.850  11.800 
2etv/w1/  4.00  17.350  10.400 
2etv/w1/  4.50  15.060   8.700 
2etv/w1/  5.00  13.680   8.100 
2etv/w1/  5.50  11.940   7.500 
2etv/w1/  6.00  10.310   7.100 
2etv/w2/  1.70  27.080  20.900 
2etv/w2/  2.00  31.970  24.600 
2etv/w2/  2.50  33.020  23.000 
2etv/w2/  3.00  29.440  17.600 
2etv/w2/  3.50  25.140  13.200 
2etv/w2/  4.00  21.570  11.800 
2etv/w2/  4.50  18.760  10.300 
2etv/w2/  5.00  16.690   9.600 
2etv/w2/  5.50  14.360   8.800 
2etv/w2/  6.00  12.630   8.100 
2evr/w1/  1.60   5.640   5.200 
2evr/w1/  2.00   6.860   5.900 
2evr/w1/  2.50   6.900   5.600 
2evr/w1/  3.00   5.500   4.400 
2evr/w1/  3.50   5.090   2.300 
2evr/w1/  4.00   5.050   1.900 
2evr/w1/  4.50   4.430   1.800 
2evr/w1/  5.00   4.170   1.800 
2evr/w1/  5.50   3.840   1.800 
2evr/w1/  6.00   3.460   1.900 
2evr/w2/  1.60  38.740  26.200 
2evr/w2/  2.00  43.730  28.700 
2evr/w2/  2.50  36.920  23.000 
2evr/w2/  3.00  28.230  15.600 
2evr/w2/  3.50  23.610  11.700 
2evr/w2/  4.00  19.850  10.000 
2evr/w2/  4.50  17.280   8.400 
2evr/w2/  5.00  15.340   7.800 
2evr/w2/  5.50  13.360   7.300 
2evr/w2/  6.00  11.040   6.900 
2f4p/w1/  1.90   2.640   4.000 
2f4p/w1/  2.50   2.880   4.600 
2f4p/w1/  3.00   2.840   3.800 
2f4p/w1/  3.50   2.240   2.200 
2f4p/w1/  4.00   1.940   1.900 
2f4p/w1/  4.50   1.590   1.800 
2f4p/w1/  5.00   1.750   1.800 
2f4p/w1/  5.50   1.750   1.900 
2f4p/w1/  6.00   1.620   1.900 
2f4p/w2/  1.90  23.840  20.000 
2f4p/w2/  2.50  27.010  19.000 
2f4p/w2/  3.00  22.750  14.700 
2f4p/w2/  3.50  19.440  11.500 
2f4p/w2/  4.00  15.860   9.900 
2f4p/w2/  4.50  13.570   8.200 
2f4p/w2/  5.00  12.070   7.600 
2f4p/w2/  5.50  10.400   7.100 
2f4p/w2/  6.00   8.920   6.800 
2fea/w1/  2.00   2.940   5.200 
2fea/w1/  2.50   3.860   5.600 
2fea/w1/  3.00   4.070   5.100 
2fea/w1/  3.50   3.700   3.300 
2fea/w1/  4.00   3.230   2.500 
2fea/w1/  4.50   2.370   2.000 
2fea/w1/  5.00   2.250   1.900 
2fea/w1/  5.50   2.120   1.900 
2fea/w1/  6.00   1.780   1.800 
2fea/w2/  2.00  14.700  17.900 
2fea/w2/  2.50  17.090  16.500 
2fea/w2/  3.00  15.740  13.600 
2fea/w2/  3.50  13.420  10.600 
2fea/w2/  4.00  11.510   9.100 
2fea/w2/  4.50   9.540   7.600 
2fea/w2/  5.00   8.200   7.200 
2fea/w2/  5.50   7.040   6.900 
2fea/w2/  6.00   6.460   6.600 
2ffj/w1/  2.45  13.610  13.000 
2ffj/w1/  3.00  15.750  12.600 
2ffj/w1/  3.50  16.350  10.600 
2ffj/w1/  4.00  14.990   9.400 
2ffj/w1/  4.50  13.400   8.000 
2ffj/w1/  5.00  11.580   7.500 
2ffj/w1/  5.50  10.170   7.100 
2ffj/w1/  6.00   8.930   6.800 
2ffj/w2/  2.66   8.810  11.500 
2ffj/w2/  3.00   9.470  11.200 
2ffj/w2/  3.50   9.800   9.300 
2ffj/w2/  4.00   9.670   8.400 
2ffj/w2/  4.50   9.380   7.400 
2ffj/w2/  5.00   8.710   7.100 
2ffj/w2/  5.50   7.800   6.800 
2ffj/w2/  6.00   7.140   6.600 
2ffj/w3/  2.45   8.500  12.200 
2ffj/w3/  3.00  11.190  12.000 
2ffj/w3/  3.50  12.520  10.100 
2ffj/w3/  4.00  12.230   8.900 
2ffj/w3/  4.50  11.330   7.600 
2ffj/w3/  5.00  10.140   7.300 
2ffj/w3/  5.50   9.150   6.900 
2ffj/w3/  6.00   8.130   6.700 
2fg0/w1/  1.79   4.180   4.900 
2fg0/w1/  2.50   5.460   5.900 
2fg0/w1/  3.00   7.050   5.700 
2fg0/w1/  3.50   7.330   4.600 
2fg0/w1/  4.00   7.180   3.800 
2fg0/w1/  4.50   6.240   2.800 
2fg0/w1/  5.00   5.630   2.500 
2fg0/w1/  5.50   4.720   2.300 
2fg0/w1/  6.00   4.310   2.100 
2fg0/w2/  1.79  24.210  12.900 
2fg0/w2/  2.50  30.600  13.400 
2fg0/w2/  3.00  31.620  12.100 
2fg0/w2/  3.50  28.480   9.400 
2fg0/w2/  4.00  24.210   7.900 
2fg0/w2/  4.50  20.670   7.000 
2fg0/w2/  5.00  17.620   6.700 
2fg0/w2/  5.50  15.250   6.400 
2fg0/w2/  6.00  13.290   6.200 
2fg9/w1/  2.20  10.920  19.300 
2fg9/w1/  2.50  11.810  16.500 
2fg9/w1/  3.00  11.670  13.100 
2fg9/w1/  3.50  10.120  10.000 
2fg9/w1/  4.00   8.780   8.400 
2fg9/w1/  4.50   7.350   7.200 
2fg9/w1/  5.00   6.140   6.900 
2fg9/w1/  5.50   5.130   6.600 
2fg9/w1/  6.00   4.600   6.300 
2fg9/w2/  2.20  13.140  19.700 
2fg9/w2/  2.50  13.320  16.700 
2fg9/w2/  3.00  12.110  13.100 
2fg9/w2/  3.50   9.850  10.000 
2fg9/w2/  4.00   8.100   8.400 
2fg9/w2/  4.50   6.280   7.200 
2fg9/w2/  5.00   5.000   6.900 
2fg9/w2/  5.50   4.080   6.600 
2fg9/w2/  6.00   3.360   6.300 
2fg9/w3/  2.20   3.040   7.200 
2fg9/w3/  2.50   3.710   7.800 
2fg9/w3/  3.00   5.050   7.700 
2fg9/w3/  3.50   4.770   6.600 
2fg9/w3/  4.00   4.640   6.300 
2fg9/w3/  4.50   3.960   5.800 
2fg9/w3/  5.00   3.390   5.600 
2fg9/w3/  5.50   2.930   5.200 
2fg9/w3/  6.00   2.880   4.800 
2fna/w1/  2.00  13.360  16.800 
2fna/w1/  2.50  14.540  16.300 
2fna/w1/  3.00  12.640  13.800 
2fna/w1/  3.50  11.430  11.100 
2fna/w1/  4.00  11.140  10.000 
2fna/w1/  4.50  10.480   8.600 
2fna/w1/  5.00   9.530   8.100 
2fna/w1/  5.50   8.760   7.600 
2fna/w1/  6.00   8.080   7.300 
2fna/w2/  2.00   8.560  11.000 
2fna/w2/  2.50   9.600  11.100 
2fna/w2/  3.00   8.930   9.800 
2fna/w2/  3.50   7.820   7.300 
2fna/w2/  4.00   7.870   6.800 
2fna/w2/  4.50   7.730   6.300 
2fna/w2/  5.00   7.100   6.200 
2fna/w2/  5.50   6.780   6.000 
2fna/w2/  6.00   6.250   5.800 
2fqp/w1/  1.80   3.450   5.400 
2fqp/w1/  2.50   3.830   5.800 
2fqp/w1/  3.00   3.180   5.100 
2fqp/w1/  3.50   2.740   3.200 
2fqp/w1/  4.00   2.150   2.400 
2fqp/w1/  4.50   1.900   1.900 
2fqp/w1/  5.00   1.790   1.800 
2fqp/w1/  5.50   1.840   1.800 
2fqp/w1/  6.00   1.510   1.800 
2fqp/w2/  1.80  14.940  19.300 
2fqp/w2/  2.50  14.410  16.800 
2fqp/w2/  3.00  11.410  13.400 
2fqp/w2/  3.50   8.960  10.400 
2fqp/w2/  4.00   7.310   8.700 
2fqp/w2/  4.50   6.060   7.400 
2fqp/w2/  5.00   5.380   7.000 
2fqp/w2/  5.50   4.530   6.600 
2fqp/w2/  6.00   4.000   6.300 
2fur/w1/  1.80  10.850  16.800 
2fur/w1/  2.50  12.490  15.900 
2fur/w1/  3.00  12.070  13.300 
2fur/w1/  3.50  11.080  10.500 
2fur/w1/  4.00   9.830   9.100 
2fur/w1/  4.50   8.650   7.800 
2fur/w1/  5.00   7.880   7.400 
2fur/w1/  5.50   6.950   7.000 
2fur/w1/  6.00   6.110   6.700 
2fur/w2/  1.80   1.450   3.500 
2fur/w2/  2.50   2.240   4.200 
2fur/w2/  3.00   2.640   3.500 
2fur/w2/  3.50   2.780   2.300 
2fur/w2/  4.00   2.920   2.000 
2fur/w2/  4.50   3.080   1.900 
2fur/w2/  5.00   3.310   1.800 
2fur/w2/  5.50   3.130   1.800 
2fur/w2/  6.00   2.850   1.800 
2fur/w3/  1.90  11.120  15.300 
2fur/w3/  2.50  13.630  15.200 
2fur/w3/  3.00  13.200  13.200 
2fur/w3/  3.50  11.790  10.600 
2fur/w3/  4.00  10.190   9.200 
2fur/w3/  4.50   8.570   7.800 
2fur/w3/  5.00   7.470   7.400 
2fur/w3/  5.50   6.490   7.000 
2fur/w3/  6.00   5.670   6.700 
2fzt/w1/  2.05  12.080  16.000 
2fzt/w1/  2.50  13.560  14.800 
2fzt/w1/  3.00  13.660  12.700 
2fzt/w1/  3.50  11.940   9.900 
2fzt/w1/  4.00  10.550   8.400 
2fzt/w1/  4.50   8.680   7.000 
2fzt/w1/  5.00   7.540   6.600 
2fzt/w1/  5.50   6.480   6.400 
2fzt/w1/  6.00   5.710   6.200 
2fzt/w2/  2.05   1.720   3.100 
2fzt/w2/  2.50   2.080   3.300 
2fzt/w2/  3.00   2.130   2.700 
2fzt/w2/  3.50   2.070   1.900 
2fzt/w2/  4.00   1.730   1.800 
2fzt/w2/  4.50   1.900   1.800 
2fzt/w2/  5.00   2.050   1.900 
2fzt/w2/  5.50   1.980   1.900 
2fzt/w2/  6.00   1.800   2.000 
2g0t/w1/  2.67  12.170  11.000 
2g0t/w1/  3.00  13.740  10.700 
2g0t/w1/  3.50  14.720   9.000 
2g0t/w1/  4.00  14.060   8.100 
2g0t/w1/  4.50  12.740   7.100 
2g0t/w1/  5.00  11.450   6.900 
2g0t/w1/  5.50  10.470   6.700 
2g0t/w1/  6.00   9.630   6.600 
2g0t/w2/  2.82   4.540   8.200 
2g0t/w2/  3.00   4.550   7.800 
2g0t/w2/  3.50   5.430   6.900 
2g0t/w2/  4.00   5.720   6.600 
2g0t/w2/  4.50   5.400   6.200 
2g0t/w2/  5.00   5.180   6.100 
2g0t/w2/  5.50   5.160   6.000 
2g0t/w2/  6.00   5.060   6.000 
2g0t/w3/  2.74   6.400   7.100 
2g0t/w3/  3.00   6.850   6.900 
2g0t/w3/  3.50   7.170   6.500 
2g0t/w3/  4.00   7.160   6.200 
2g0t/w3/  4.50   6.820   5.800 
2g0t/w3/  5.00   6.490   5.700 
2g0t/w3/  5.50   6.120   5.600 
2g0t/w3/  6.00   6.230   5.700 
2g42/w1/  2.28  11.610  14.500 
2g42/w1/  3.00  14.540  12.900 
2g42/w1/  3.50  13.490  10.300 
2g42/w1/  4.00  11.920   8.800 
2g42/w1/  4.50   9.960   7.400 
2g42/w1/  5.00   8.820   7.000 
2g42/w1/  5.50   7.870   6.700 
2g42/w1/  6.00   6.730   6.500 
2gc9/w1/  1.70   9.540  14.800 
2gc9/w1/  2.00  10.980  15.500 
2gc9/w1/  2.50  11.120  13.900 
2gc9/w1/  3.00  10.660  12.100 
2gc9/w1/  3.50   9.730   9.200 
2gc9/w1/  4.00   8.710   7.800 
2gc9/w1/  4.50   7.480   6.900 
2gc9/w1/  5.00   6.400   6.600 
2gc9/w1/  5.50   5.640   6.300 
2gc9/w1/  6.00   4.730   6.100 
2gc9/w2/  1.70  10.360  14.400 
2gc9/w2/  2.00  11.520  15.200 
2gc9/w2/  2.50  11.880  14.000 
2gc9/w2/  3.00  11.220  12.200 
2gc9/w2/  3.50  10.170   9.400 
2gc9/w2/  4.00   9.080   8.000 
2gc9/w2/  4.50   7.670   7.000 
2gc9/w2/  5.00   6.590   6.700 
2gc9/w2/  5.50   5.650   6.400 
2gc9/w2/  6.00   4.710   6.200 
2nlv/w1/  1.30   3.490   7.000 
2nlv/w1/  2.00   4.310   7.400 
2nlv/w1/  2.50   4.030   6.600 
2nlv/w1/  3.00   3.340   5.900 
2nlv/w1/  3.50   2.940   4.200 
2nlv/w1/  4.00   2.880   3.200 
2nlv/w1/  4.50   2.600   2.300 
2nlv/w1/  5.00   2.370   2.100 
2nlv/w1/  5.50   2.260   1.900 
2nlv/w1/  6.00   2.160   1.900 
2nlv/w2/  1.30  25.020  35.300 
2nlv/w2/  2.00  20.770  28.800 
2nlv/w2/  2.50  16.370  19.900 
2nlv/w2/  3.00  12.490  13.900 
2nlv/w2/  3.50   9.480  10.700 
2nlv/w2/  4.00   7.680   9.000 
2nlv/w2/  4.50   6.270   7.600 
2nlv/w2/  5.00   5.140   7.200 
2nlv/w2/  5.50   4.410   6.800 
2nlv/w2/  6.00   3.850   6.500 
2nlv/w3/  1.33  21.570  35.200 
2nlv/w3/  2.00  19.480  29.700 
2nlv/w3/  2.50  15.800  20.500 
2nlv/w3/  3.00  12.230  14.100 
2nlv/w3/  3.50   9.580  10.800 
2nlv/w3/  4.00   7.810   9.200 
2nlv/w3/  4.50   6.610   7.700 
2nlv/w3/  5.00   5.410   7.300 
2nlv/w3/  5.50   4.720   6.900 
2nlv/w3/  6.00   4.140   6.600 
2nuj/w1/  2.00  25.910  13.500 
2nuj/w1/  2.50  27.430  14.100 
2nuj/w1/  3.00  25.150  13.100 
2nuj/w1/  3.50  20.880  10.600 
2nuj/w1/  4.00  17.210   9.200 
2nuj/w1/  4.50  14.470   7.800 
2nuj/w1/  5.00  11.830   7.300 
2nuj/w1/  5.50  10.010   6.900 
2nuj/w1/  6.00   8.680   6.700 
2nwv/w1/  1.85  18.060  22.500 
2nwv/w1/  2.50  24.840  23.600 
2nwv/w1/  3.00  26.060  18.100 
2nwv/w1/  3.50  23.520  13.100 
2nwv/w1/  4.00  21.310  11.800 
2nwv/w1/  4.50  17.750  10.300 
2nwv/w1/  5.00  16.020   9.600 
2nwv/w1/  5.50  14.100   8.900 
2nwv/w1/  6.00  12.060   8.200 
2nwv/w2/  1.90  16.210  20.200 
2nwv/w2/  2.50  21.930  21.200 
2nwv/w2/  3.00  24.180  16.800 
2nwv/w2/  3.50  22.650  12.700 
2nwv/w2/  4.00  20.700  11.400 
2nwv/w2/  4.50  17.650   9.800 
2nwv/w2/  5.00  15.460   9.100 
2nwv/w2/  5.50  13.590   8.400 
2nwv/w2/  6.00  11.690   7.800 
2nwv/w3/  1.95  -0.100   2.600 
2nwv/w3/  2.50   1.160   3.300 
2nwv/w3/  3.00   1.870   3.200 
2nwv/w3/  3.50   2.240   2.200 
2nwv/w3/  4.00   1.280   2.000 
2nwv/w3/  4.50   0.980   1.800 
2nwv/w3/  5.00   0.290   1.800 
2nwv/w3/  5.50   0.190   1.800 
2nwv/w3/  6.00   1.160   1.800 
2o08/w1/  1.90   2.850   4.600 
2o08/w1/  2.50   3.940   5.200 
2o08/w1/  3.00   4.210   4.900 
2o08/w1/  3.50   4.200   3.400 
2o08/w1/  4.00   3.990   2.700 
2o08/w1/  4.50   3.340   2.100 
2o08/w1/  5.00   3.360   2.000 
2o08/w1/  5.50   2.950   1.900 
2o08/w1/  6.00   2.420   1.900 
2o08/w2/  2.47  10.310  13.100 
2o08/w2/  2.50  10.430  13.000 
2o08/w2/  3.00  11.490  12.300 
2o08/w2/  3.50  11.510  10.000 
2o08/w2/  4.00  10.330   8.500 
2o08/w2/  4.50   9.030   7.400 
2o08/w2/  5.00   7.900   7.100 
2o08/w2/  5.50   6.890   6.800 
2o08/w2/  6.00   6.260   6.600 
2o08/w3/  2.47  14.320  12.900 
2o08/w3/  2.50  14.360  12.800 
2o08/w3/  3.00  15.030  11.900 
2o08/w3/  3.50  14.160   9.700 
2o08/w3/  4.00  12.140   8.400 
2o08/w3/  4.50  10.600   7.300 
2o08/w3/  5.00   9.010   7.000 
2o08/w3/  5.50   7.730   6.700 
2o08/w3/  6.00   7.070   6.500 
2o08/w4/  2.46  12.040  13.300 
2o08/w4/  2.50  12.070  13.300 
2o08/w4/  3.00  13.110  12.600 
2o08/w4/  3.50  12.450  10.300 
2o08/w4/  4.00  11.020   8.900 
2o08/w4/  4.50   9.730   7.600 
2o08/w4/  5.00   8.390   7.300 
2o08/w4/  5.50   7.200   6.900 
2o08/w4/  6.00   6.520   6.700 
2o1q/w1/  1.50   2.790   4.000 
2o1q/w1/  2.00   3.260   5.000 
2o1q/w1/  2.50   2.860   4.700 
2o1q/w1/  3.00   2.500   3.700 
2o1q/w1/  3.50   2.160   2.200 
2o1q/w1/  4.00   1.760   1.900 
2o1q/w1/  4.50   1.470   1.800 
2o1q/w1/  5.00   1.190   1.800 
2o1q/w1/  5.50   0.800   1.900 
2o1q/w1/  6.00   0.660   1.900 
2o1q/w2/  2.00  11.160  15.400 
2o1q/w2/  2.50  12.240  15.000 
2o1q/w2/  3.00  11.670  13.100 
2o1q/w2/  3.50   9.800  10.300 
2o1q/w2/  4.00   8.450   8.700 
2o1q/w2/  4.50   7.130   7.500 
2o1q/w2/  5.00   5.880   7.100 
2o1q/w2/  5.50   4.970   6.700 
2o1q/w2/  6.00   4.100   6.500 
2o1q/w3/  2.00  15.280  14.800 
2o1q/w3/  2.50  15.460  14.700 
2o1q/w3/  3.00  13.740  13.000 
2o1q/w3/  3.50  11.210  10.300 
2o1q/w3/  4.00   9.360   8.700 
2o1q/w3/  4.50   7.660   7.500 
2o1q/w3/  5.00   6.200   7.100 
2o1q/w3/  5.50   5.090   6.800 
2o1q/w3/  6.00   4.230   6.500 
2o1q/w4/  2.00  11.710  15.100 
2o1q/w4/  2.50  13.290  14.700 
2o1q/w4/  3.00  12.030  12.900 
2o1q/w4/  3.50  10.090  10.200 
2o1q/w4/  4.00   8.720   8.700 
2o1q/w4/  4.50   7.290   7.400 
2o1q/w4/  5.00   5.950   7.000 
2o1q/w4/  5.50   5.060   6.700 
2o1q/w4/  6.00   4.130   6.500 
2o2x/w1/  1.50  30.420  31.300 
2o2x/w1/  2.00  30.420  28.900 
2o2x/w1/  2.50  24.010  21.100 
2o2x/w1/  3.00  18.690  14.600 
2o2x/w1/  3.50  14.890  11.300 
2o2x/w1/  4.00  12.540   9.700 
2o2x/w1/  4.50  10.400   8.100 
2o2x/w1/  5.00   8.730   7.600 
2o2x/w1/  5.50   7.360   7.100 
2o2x/w1/  6.00   6.580   6.800 
2o2x/w2/  1.50  30.130  30.400 
2o2x/w2/  2.00  29.420  27.400 
2o2x/w2/  2.50  23.230  19.900 
2o2x/w2/  3.00  18.140  14.200 
2o2x/w2/  3.50  14.340  11.000 
2o2x/w2/  4.00  12.150   9.400 
2o2x/w2/  4.50  10.060   7.900 
2o2x/w2/  5.00   8.370   7.400 
2o2x/w2/  5.50   6.950   7.000 
2o2x/w2/  6.00   6.130   6.700 
2o2z/w1/  2.60  16.700  14.300 
2o2z/w1/  3.00  18.960  13.700 
2o2z/w1/  3.50  19.450  11.600 
2o2z/w1/  4.00  17.550  10.500 
2o2z/w1/  4.50  15.170   8.900 
2o2z/w1/  5.00  12.940   8.400 
2o2z/w1/  5.50  11.120   7.800 
2o2z/w1/  6.00   9.790   7.400 
2o3l/w1/  2.05  13.290  14.500 
2o3l/w1/  2.50  12.710  13.200 
2o3l/w1/  3.00  10.540  11.100 
2o3l/w1/  3.50   8.450   7.900 
2o3l/w1/  4.00   7.110   6.900 
2o3l/w1/  4.50   5.850   6.300 
2o3l/w1/  5.00   4.820   6.100 
2o3l/w1/  5.50   4.240   5.900 
2o3l/w1/  6.00   3.860   5.600 
2o3l/w2/  2.00   9.470  15.200 
2o3l/w2/  2.50  10.600  13.400 
2o3l/w2/  3.00   9.510  11.200 
2o3l/w2/  3.50   7.830   8.000 
2o3l/w2/  4.00   6.730   7.000 
2o3l/w2/  4.50   5.690   6.400 
2o3l/w2/  5.00   4.700   6.200 
2o3l/w2/  5.50   4.170   5.900 
2o3l/w2/  6.00   3.810   5.600 
2o3l/w3/  2.00  11.430  15.100 
2o3l/w3/  2.50  11.960  13.300 
2o3l/w3/  3.00  10.030  11.100 
2o3l/w3/  3.50   8.260   7.900 
2o3l/w3/  4.00   7.020   6.900 
2o3l/w3/  4.50   5.760   6.300 
2o3l/w3/  5.00   4.770   6.100 
2o3l/w3/  5.50   4.130   5.900 
2o3l/w3/  6.00   3.660   5.600 
2o62/w1/  1.75  27.750  20.600 
2o62/w1/  2.50  30.810  19.000 
2o62/w1/  3.00  28.930  15.300 
2o62/w1/  3.50  25.060  12.100 
2o62/w1/  4.00  21.440  10.800 
2o62/w1/  4.50  17.990   9.100 
2o62/w1/  5.00  15.590   8.300 
2o62/w1/  5.50  13.390   7.700 
2o62/w1/  6.00  11.730   7.200 
2o7t/w1/  2.10   9.310  16.800 
2o7t/w1/  2.50  11.980  16.500 
2o7t/w1/  3.00  12.650  14.100 
2o7t/w1/  3.50  11.650  11.300 
2o7t/w1/  4.00  10.420   9.800 
2o7t/w1/  4.50   9.120   8.100 
2o7t/w1/  5.00   7.840   7.600 
2o7t/w1/  5.50   7.060   7.300 
2o7t/w1/  6.00   6.430   7.000 
2o7t/w2/  2.10  12.010  18.800 
2o7t/w2/  2.50  14.520  17.500 
2o7t/w2/  3.00  14.250  14.400 
2o7t/w2/  3.50  12.990  11.500 
2o7t/w2/  4.00  11.390  10.000 
2o7t/w2/  4.50   9.730   8.300 
2o7t/w2/  5.00   8.070   7.700 
2o7t/w2/  5.50   6.940   7.300 
2o7t/w2/  6.00   6.190   7.000 
2o8q/w1/  1.55  41.450  -1.000 
2o8q/w1/  2.00  51.110  -1.000 
2o8q/w1/  2.50  47.030  -1.000 
2o8q/w1/  3.00  39.910  -1.000 
2o8q/w1/  3.50  32.180  -1.000 
2o8q/w1/  4.00  26.120  -1.000 
2o8q/w1/  4.50  21.520  -1.000 
2o8q/w1/  5.00  18.050  -1.000 
2o8q/w1/  5.50  15.700  -1.000 
2o8q/w1/  6.00  13.370  -1.000 
2o8q/w2/  2.48  12.510  14.100 
2o8q/w2/  2.50  12.530  14.000 
2o8q/w2/  3.00  13.330  13.400 
2o8q/w2/  3.50  12.260  11.100 
2o8q/w2/  4.00  11.100   9.900 
2o8q/w2/  4.50   9.540   8.400 
2o8q/w2/  5.00   8.050   7.900 
2o8q/w2/  5.50   6.980   7.400 
2o8q/w2/  6.00   6.320   7.000 
2o8q/w3/  2.48  12.260  14.000 
2o8q/w3/  2.50  12.330  14.000 
2o8q/w3/  3.00  12.880  13.300 
2o8q/w3/  3.50  11.940  11.000 
2o8q/w3/  4.00  10.690   9.800 
2o8q/w3/  4.50   9.340   8.300 
2o8q/w3/  5.00   8.240   7.800 
2o8q/w3/  5.50   7.100   7.300 
2o8q/w3/  6.00   6.400   7.000 
2o8q/w4/  2.48  10.150  13.900 
2o8q/w4/  2.50  10.230  13.800 
2o8q/w4/  3.00  10.830  13.200 
2o8q/w4/  3.50  10.380  10.800 
2o8q/w4/  4.00   9.680   9.600 
2o8q/w4/  4.50   8.500   8.100 
2o8q/w4/  5.00   7.510   7.600 
2o8q/w4/  5.50   6.710   7.200 
2o8q/w4/  6.00   6.170   6.900 
2obp/w1/  1.70  27.670  34.400 
2obp/w1/  2.00  32.220  34.800 
2obp/w1/  2.50  31.940  31.000 
2obp/w1/  3.00  27.660  21.200 
2obp/w1/  3.50  23.440  13.700 
2obp/w1/  4.00  19.560  12.100 
2obp/w1/  4.50  16.930  10.600 
2obp/w1/  5.00  14.420   9.900 
2obp/w1/  5.50  12.730   9.100 
2obp/w1/  6.00  11.460   8.400 
2obp/w2/  1.70  29.700  33.700 
2obp/w2/  2.00  32.870  34.500 
2obp/w2/  2.50  30.930  31.400 
2obp/w2/  3.00  26.250  21.500 
2obp/w2/  3.50  22.160  13.700 
2obp/w2/  4.00  18.370  12.200 
2obp/w2/  4.50  15.930  10.700 
2obp/w2/  5.00  13.600  10.000 
2obp/w2/  5.50  11.980   9.200 
2obp/w2/  6.00  10.660   8.400 
2obp/w3/  1.70  34.110  33.900 
2obp/w3/  2.00  35.810  34.500 
2obp/w3/  2.50  31.930  31.600 
2obp/w3/  3.00  26.940  21.600 
2obp/w3/  3.50  22.140  13.800 
2obp/w3/  4.00  18.090  12.200 
2obp/w3/  4.50  15.460  10.700 
2obp/w3/  5.00  12.990  10.100 
2obp/w3/  5.50  11.290   9.300 
2obp/w3/  6.00  10.120   8.500 
2oc5/w1/  1.68  29.130  22.000 
2oc5/w1/  2.00  30.820  23.200 
2oc5/w1/  2.50  26.900  17.400 
2oc5/w1/  3.00  21.350  13.400 
2oc5/w1/  3.50  17.590  10.300 
2oc5/w1/  4.00  14.770   8.700 
2oc5/w1/  4.50  12.660   7.500 
2oc5/w1/  5.00  10.950   7.100 
2oc5/w1/  5.50   8.950   6.800 
2oc5/w1/  6.00   7.770   6.500 
2oc5/w2/  1.68  36.480  24.000 
2oc5/w2/  2.00  36.270  24.500 
2oc5/w2/  2.50  29.810  18.200 
2oc5/w2/  3.00  23.250  13.600 
2oc5/w2/  3.50  18.690  10.500 
2oc5/w2/  4.00  15.220   8.900 
2oc5/w2/  4.50  12.680   7.500 
2oc5/w2/  5.00  10.670   7.200 
2oc5/w2/  5.50   8.790   6.800 
2oc5/w2/  6.00   7.610   6.500 
2oc5/w3/  1.68  39.220  23.400 
2oc5/w3/  2.00  38.560  24.200 
2oc5/w3/  2.50  30.580  18.000 
2oc5/w3/  3.00  23.600  13.500 
2oc5/w3/  3.50  18.890  10.400 
2oc5/w3/  4.00  15.330   8.800 
2oc5/w3/  4.50  12.590   7.500 
2oc5/w3/  5.00  10.700   7.200 
2oc5/w3/  5.50   8.840   6.800 
2oc5/w3/  6.00   7.710   6.500 
2od5/w1/  1.79  14.290  21.000 
2od5/w1/  2.00  16.150  23.000 
2od5/w1/  2.50  19.170  20.100 
2od5/w1/  3.00  18.220  15.000 
2od5/w1/  3.50  15.470  11.600 
2od5/w1/  4.00  12.570  10.000 
2od5/w1/  4.50  10.540   8.300 
2od5/w1/  5.00   9.210   7.700 
2od5/w1/  5.50   7.740   7.200 
2od5/w1/  6.00   6.810   6.900 
2od5/w2/  1.85  14.070  22.700 
2od5/w2/  2.00  15.330  23.800 
2od5/w2/  2.50  18.980  20.800 
2od5/w2/  3.00  18.530  15.200 
2od5/w2/  3.50  15.400  11.700 
2od5/w2/  4.00  12.820  10.200 
2od5/w2/  4.50  10.670   8.400 
2od5/w2/  5.00   9.230   7.800 
2od5/w2/  5.50   7.700   7.300 
2od5/w2/  6.00   6.890   6.900 
2od6/w1/  1.85  14.020  16.300 
2od6/w1/  2.50  13.910  14.100 
2od6/w1/  3.00  11.750  11.800 
2od6/w1/  3.50   9.840   8.600 
2od6/w1/  4.00   7.980   7.400 
2od6/w1/  4.50   6.340   6.600 
2od6/w1/  5.00   5.290   6.400 
2od6/w1/  5.50   4.460   6.200 
2od6/w1/  6.00   3.850   5.900 
2od6/w2/  1.90  15.300  16.400 
2od6/w2/  2.50  14.100  14.200 
2od6/w2/  3.00  11.500  12.000 
2od6/w2/  3.50   9.290   8.800 
2od6/w2/  4.00   7.370   7.500 
2od6/w2/  4.50   5.630   6.700 
2od6/w2/  5.00   4.360   6.500 
2od6/w2/  5.50   3.530   6.200 
2od6/w2/  6.00   2.960   6.000 
2od6/w3/  1.90  13.380  15.800 
2od6/w3/  2.50  13.390  13.900 
2od6/w3/  3.00  11.410  11.800 
2od6/w3/  3.50   9.500   8.600 
2od6/w3/  4.00   7.720   7.300 
2od6/w3/  4.50   6.150   6.600 
2od6/w3/  5.00   5.080   6.400 
2od6/w3/  5.50   4.320   6.200 
2od6/w3/  6.00   3.670   5.900 
2oh3/w1/  2.00   9.330  20.000 
2oh3/w1/  2.50  11.210  17.000 
2oh3/w1/  3.00  10.440  13.500 
2oh3/w1/  3.50   8.730  10.500 
2oh3/w1/  4.00   7.040   8.900 
2oh3/w1/  4.50   5.630   7.500 
2oh3/w1/  5.00   5.080   7.100 
2oh3/w1/  5.50   4.530   6.800 
2oh3/w1/  6.00   4.270   6.500 
2oh3/w2/  2.00  10.520  20.700 
2oh3/w2/  2.50  11.930  17.400 
2oh3/w2/  3.00  10.700  13.600 
2oh3/w2/  3.50   8.610  10.600 
2oh3/w2/  4.00   7.060   9.000 
2oh3/w2/  4.50   5.620   7.600 
2oh3/w2/  5.00   4.910   7.200 
2oh3/w2/  5.50   4.430   6.800 
2oh3/w2/  6.00   4.080   6.500 
2okc/w1/  2.20   7.480  17.500 
2okc/w1/  2.50   8.870  17.200 
2okc/w1/  3.00   9.670  14.500 
2okc/w1/  3.50   8.940  11.600 
2okc/w1/  4.00   7.800  10.200 
2okc/w1/  4.50   6.610   8.600 
2okc/w1/  5.00   5.640   8.000 
2okc/w1/  5.50   4.910   7.500 
2okc/w1/  6.00   4.400   7.100 
2okc/w2/  2.21   9.650  19.900 
2okc/w2/  2.50  10.670  19.100 
2okc/w2/  3.00  10.510  15.100 
2okc/w2/  3.50   9.170  11.900 
2okc/w2/  4.00   7.750  10.500 
2okc/w2/  4.50   6.350   8.800 
2okc/w2/  5.00   5.240   8.200 
2okc/w2/  5.50   4.540   7.600 
2okc/w2/  6.00   4.040   7.200 
2okc/w3/  2.21   7.190  18.400 
2okc/w3/  2.50   8.350  17.900 
2okc/w3/  3.00   9.450  14.700 
2okc/w3/  3.50   8.900  11.700 
2okc/w3/  4.00   7.850  10.300 
2okc/w3/  4.50   6.700   8.600 
2okc/w3/  5.00   5.710   8.100 
2okc/w3/  5.50   4.970   7.500 
2okc/w3/  6.00   4.400   7.100 
2okf/w1/  1.60  32.540  34.200 
2okf/w1/  2.00  39.560  34.700 
2okf/w1/  2.50  36.260  27.300 
2okf/w1/  3.00  30.810  18.800 
2okf/w1/  3.50  25.450  13.100 
2okf/w1/  4.00  21.660  11.700 
2okf/w1/  4.50  19.000  10.100 
2okf/w1/  5.00  15.950   9.400 
2okf/w1/  5.50  13.830   8.700 
2okf/w1/  6.00  11.670   8.000 
2okf/w2/  1.60  36.280  35.300 
2okf/w2/  2.00  43.600  35.200 
2okf/w2/  2.50  38.830  29.900 
2okf/w2/  3.00  33.700  20.800 
2okf/w2/  3.50  27.180  13.700 
2okf/w2/  4.00  23.080  12.200 
2okf/w2/  4.50  19.700  10.700 
2okf/w2/  5.00  16.350  10.000 
2okf/w2/  5.50  14.510   9.300 
2okf/w2/  6.00  12.320   8.500 
2okf/w3/  1.60  42.450  35.300 
2okf/w3/  2.00  48.240  35.100 
2okf/w3/  2.50  41.790  30.600 
2okf/w3/  3.00  35.640  21.500 
2okf/w3/  3.50  28.440  13.900 
2okf/w3/  4.00  23.630  12.300 
2okf/w3/  4.50  19.660  10.900 
2okf/w3/  5.00  16.040  10.200 
2okf/w3/  5.50  13.990   9.500 
2okf/w3/  6.00  11.900   8.700 
2ooj/w1/  1.84  13.090  15.100 
2ooj/w1/  2.50  11.960  13.800 
2ooj/w1/  3.00  10.150  11.800 
2ooj/w1/  3.50   8.350   8.700 
2ooj/w1/  4.00   6.900   7.400 
2ooj/w1/  4.50   5.800   6.600 
2ooj/w1/  5.00   5.070   6.400 
2ooj/w1/  5.50   4.320   6.200 
2ooj/w1/  6.00   3.720   5.900 
2opk/w1/  2.10  11.490  12.300 
2opk/w1/  2.50  12.830  12.500 
2opk/w1/  3.00  13.420  11.700 
2opk/w1/  3.50  12.720   9.200 
2opk/w1/  4.00  11.470   7.900 
2opk/w1/  4.50  10.570   7.000 
2opk/w1/  5.00   9.130   6.600 
2opk/w1/  5.50   8.050   6.300 
2opk/w1/  6.00   7.070   6.100 
2opk/w2/  2.10  14.680  12.300 
2opk/w2/  2.50  15.700  12.500 
2opk/w2/  3.00  15.920  11.800 
2opk/w2/  3.50  15.090   9.400 
2opk/w2/  4.00  13.680   8.100 
2opk/w2/  4.50  12.140   7.000 
2opk/w2/  5.00  10.380   6.700 
2opk/w2/  5.50   9.050   6.400 
2opk/w2/  6.00   7.940   6.200 
2opk/w3/  2.10  12.590  12.600 
2opk/w3/  2.50  13.560  12.700 
2opk/w3/  3.00  14.120  11.900 
2opk/w3/  3.50  13.200   9.500 
2opk/w3/  4.00  11.980   8.100 
2opk/w3/  4.50  10.800   7.000 
2opk/w3/  5.00   9.090   6.700 
2opk/w3/  5.50   7.960   6.400 
2opk/w3/  6.00   6.860   6.200 
2osd/w1/  2.30  11.460  15.800 
2osd/w1/  3.00  14.490  13.800 
2osd/w1/  3.50  14.800  11.200 
2osd/w1/  4.00  12.760   9.700 
2osd/w1/  4.50  10.670   8.200 
2osd/w1/  5.00   9.260   7.600 
2osd/w1/  5.50   8.020   7.200 
2osd/w1/  6.00   7.160   6.900 
2osd/w2/  2.30  15.220  16.100 
2osd/w2/  3.00  16.750  13.900 
2osd/w2/  3.50  16.200  11.300 
2osd/w2/  4.00  13.580   9.900 
2osd/w2/  4.50  11.120   8.300 
2osd/w2/  5.00   9.620   7.800 
2osd/w2/  5.50   8.150   7.300 
2osd/w2/  6.00   7.270   6.900 
2osd/w3/  2.30  10.990  16.000 
2osd/w3/  3.00  13.480  13.900 
2osd/w3/  3.50  14.000  11.200 
2osd/w3/  4.00  12.260   9.800 
2osd/w3/  4.50  10.300   8.300 
2osd/w3/  5.00   9.200   7.700 
2osd/w3/  5.50   7.850   7.300 
2osd/w3/  6.00   6.950   6.900 
2otm/w1/  1.85  14.040  13.900 
2otm/w1/  2.50  16.420  13.700 
2otm/w1/  3.00  15.500  12.100 
2otm/w1/  3.50  12.930   9.200 
2otm/w1/  4.00  11.120   7.800 
2otm/w1/  4.50   9.690   6.900 
2otm/w1/  5.00   8.390   6.600 
2otm/w1/  5.50   7.180   6.400 
2otm/w1/  6.00   6.510   6.100 
2otm/w2/  1.85  13.940  14.600 
2otm/w2/  2.50  15.660  14.200 
2otm/w2/  3.00  14.950  12.500 
2otm/w2/  3.50  12.440   9.600 
2otm/w2/  4.00  10.670   8.100 
2otm/w2/  4.50   9.380   7.000 
2otm/w2/  5.00   7.890   6.700 
2otm/w2/  5.50   6.700   6.500 
2otm/w2/  6.00   5.950   6.200 
2otm/w3/  1.90  16.020  14.300 
2otm/w3/  2.50  18.130  14.100 
2otm/w3/  3.00  16.840  12.500 
2otm/w3/  3.50  13.850   9.700 
2otm/w3/  4.00  11.750   8.200 
2otm/w3/  4.50  10.180   7.100 
2otm/w3/  5.00   8.600   6.800 
2otm/w3/  5.50   7.340   6.500 
2otm/w3/  6.00   6.500   6.300 
2ozg/w1/  2.00  19.060  14.900 
2ozg/w1/  2.50  22.460  15.800 
2ozg/w1/  3.00  21.390  14.100 
2ozg/w1/  3.50  18.610  11.400 
2ozg/w1/  4.00  15.670  10.100 
2ozg/w1/  4.50  13.370   8.500 
2ozg/w1/  5.00  11.900   8.000 
2ozg/w1/  5.50  10.410   7.600 
2ozg/w1/  6.00   9.220   7.200 
2ozg/w2/  2.05   8.840  19.400 
2ozg/w2/  2.50  11.390  19.500 
2ozg/w2/  3.00  11.040  15.700 
2ozg/w2/  3.50  10.180  12.200 
2ozg/w2/  4.00   8.590  10.900 
2ozg/w2/  4.50   7.550   9.300 
2ozg/w2/  5.00   7.020   8.600 
2ozg/w2/  5.50   6.550   8.000 
2ozg/w2/  6.00   5.900   7.600 
2ozg/w3/  2.05  25.040  16.400 
2ozg/w3/  2.50  27.620  17.200 
2ozg/w3/  3.00  25.650  14.900 
2ozg/w3/  3.50  21.630  11.900 
2ozg/w3/  4.00  17.970  10.600 
2ozg/w3/  4.50  14.740   8.900 
2ozg/w3/  5.00  12.770   8.300 
2ozg/w3/  5.50  10.970   7.800 
2ozg/w3/  6.00   9.660   7.400 
2ozj/w1/  1.60  17.410  31.900 
2ozj/w1/  2.00  19.350  30.200 
2ozj/w1/  2.50  16.590  22.000 
2ozj/w1/  3.00  13.680  14.800 
2ozj/w1/  3.50  10.850  11.400 
2ozj/w1/  4.00   9.000   9.800 
2ozj/w1/  4.50   7.150   8.100 
2ozj/w1/  5.00   6.110   7.600 
2ozj/w1/  5.50   5.400   7.100 
2ozj/w1/  6.00   4.490   6.800 
2ozj/w2/  1.60  10.870  33.400 
2ozj/w2/  2.00  13.870  31.100 
2ozj/w2/  2.50  13.960  22.500 
2ozj/w2/  3.00  12.180  15.000 
2ozj/w2/  3.50   9.900  11.500 
2ozj/w2/  4.00   8.530   9.900 
2ozj/w2/  4.50   7.020   8.200 
2ozj/w2/  5.00   6.180   7.700 
2ozj/w2/  5.50   5.510   7.200 
2ozj/w2/  6.00   4.790   6.800 
2ozj/w3/  1.60  11.980  32.600 
2ozj/w3/  2.00  15.870  30.900 
2ozj/w3/  2.50  15.440  22.600 
2ozj/w3/  3.00  13.240  15.100 
2ozj/w3/  3.50  10.940  11.500 
2ozj/w3/  4.00   9.260   9.900 
2ozj/w3/  4.50   7.500   8.300 
2ozj/w3/  5.00   6.490   7.700 
2ozj/w3/  5.50   5.710   7.200 
2ozj/w3/  6.00   4.880   6.800 
2p10/w1/  2.15   8.580  12.000 
2p10/w1/  2.50   9.460  12.000 
2p10/w1/  3.00  10.430  11.200 
2p10/w1/  3.50  10.290   8.700 
2p10/w1/  4.00   9.410   7.600 
2p10/w1/  4.50   8.320   6.800 
2p10/w1/  5.00   7.070   6.600 
2p10/w1/  5.50   6.200   6.400 
2p10/w1/  6.00   5.540   6.200 
2p10/w2/  2.15   3.840  14.000 
2p10/w2/  2.50   4.380  13.600 
2p10/w2/  3.00   5.230  12.300 
2p10/w2/  3.50   5.790   9.700 
2p10/w2/  4.00   5.780   8.300 
2p10/w2/  4.50   5.570   7.200 
2p10/w2/  5.00   5.120   6.900 
2p10/w2/  5.50   4.580   6.600 
2p10/w2/  6.00   4.270   6.400 
2p4o/w1/  1.90  17.190  24.300 
2p4o/w1/  2.50  21.490  25.600 
2p4o/w1/  3.00  19.960  19.500 
2p4o/w1/  3.50  16.890  13.400 
2p4o/w1/  4.00  14.330  12.000 
2p4o/w1/  4.50  12.480  10.600 
2p4o/w1/  5.00  10.710  10.100 
2p4o/w1/  5.50   9.450   9.400 
2p4o/w1/  6.00   8.640   8.600 
2p4o/w2/  1.95  23.020  26.800 
2p4o/w2/  2.50  26.300  26.900 
2p4o/w2/  3.00  23.100  20.700 
2p4o/w2/  3.50  19.130  13.800 
2p4o/w2/  4.00  15.700  12.400 
2p4o/w2/  4.50  13.530  11.000 
2p4o/w2/  5.00  11.360  10.400 
2p4o/w2/  5.50   9.790   9.700 
2p4o/w2/  6.00   8.790   8.900 
2p4o/w3/  1.90  17.940  26.400 
2p4o/w3/  2.50  22.500  26.700 
2p4o/w3/  3.00  20.440  20.400 
2p4o/w3/  3.50  17.060  13.700 
2p4o/w3/  4.00  14.290  12.300 
2p4o/w3/  4.50  12.620  10.800 
2p4o/w3/  5.00  11.070  10.300 
2p4o/w3/  5.50   9.700   9.500 
2p4o/w3/  6.00   8.890   8.800 
2p7h/w1/  1.85  24.060  18.200 
2p7h/w1/  2.50  28.590  19.000 
2p7h/w1/  3.00  25.700  15.200 
2p7h/w1/  3.50  21.460  12.000 
2p7h/w1/  4.00  18.170  10.700 
2p7h/w1/  4.50  15.600   9.100 
2p7h/w1/  5.00  13.410   8.500 
2p7h/w1/  5.50  11.530   7.900 
2p7h/w1/  6.00   9.690   7.400 
2p7i/w1/  1.74  24.780  26.900 
2p7i/w1/  2.00  28.020  29.800 
2p7i/w1/  2.50  30.910  26.900 
2p7i/w1/  3.00  28.000  19.900 
2p7i/w1/  3.50  23.200  13.500 
2p7i/w1/  4.00  19.630  12.100 
2p7i/w1/  4.50  16.740  10.600 
2p7i/w1/  5.00  14.440  10.000 
2p7i/w1/  5.50  12.380   9.200 
2p7i/w1/  6.00  10.180   8.400 
2p7i/w2/  1.79  27.970  25.900 
2p7i/w2/  2.00  30.540  28.000 
2p7i/w2/  2.50  32.540  25.900 
2p7i/w2/  3.00  29.040  19.200 
2p7i/w2/  3.50  23.910  13.400 
2p7i/w2/  4.00  20.060  11.900 
2p7i/w2/  4.50  17.040  10.400 
2p7i/w2/  5.00  14.710   9.800 
2p7i/w2/  5.50  12.400   9.000 
2p7i/w2/  6.00  10.140   8.200 
2p97/w1/  1.65  28.630  33.300 
2p97/w1/  2.00  31.170  35.100 
2p97/w1/  2.50  28.420  30.700 
2p97/w1/  3.00  23.270  22.400 
2p97/w1/  3.50  18.220  14.200 
2p97/w1/  4.00  14.390  12.600 
2p97/w1/  4.50  12.150  11.000 
2p97/w1/  5.00  10.310  10.400 
2p97/w1/  5.50   8.650   9.600 
2p97/w1/  6.00   7.600   8.700 
2p97/w2/  1.65  20.320  29.400 
2p97/w2/  2.00  23.980  33.200 
2p97/w2/  2.50  23.550  27.600 
2p97/w2/  3.00  20.290  20.000 
2p97/w2/  3.50  16.890  13.400 
2p97/w2/  4.00  14.040  11.900 
2p97/w2/  4.50  12.270  10.300 
2p97/w2/  5.00  10.770   9.600 
2p97/w2/  5.50   9.360   8.700 
2p97/w2/  6.00   8.230   8.000 
2p97/w3/  1.65  18.910  27.200 
2p97/w3/  2.00  22.120  31.200 
2p97/w3/  2.50  21.970  26.200 
2p97/w3/  3.00  18.850  18.600 
2p97/w3/  3.50  15.610  13.000 
2p97/w3/  4.00  12.910  11.500 
2p97/w3/  4.50  11.340   9.800 
2p97/w3/  5.00  10.180   9.100 
2p97/w3/  5.50   8.960   8.300 
2p97/w3/  6.00   7.980   7.600 
2p97/w4/  1.65  25.250  27.600 
2p97/w4/  2.00  27.610  32.000 
2p97/w4/  2.50  26.380  27.200 
2p97/w4/  3.00  22.300  19.800 
2p97/w4/  3.50  18.100  13.400 
2p97/w4/  4.00  14.930  11.900 
2p97/w4/  4.50  12.860  10.300 
2p97/w4/  5.00  11.170   9.600 
2p97/w4/  5.50   9.590   8.800 
2p97/w4/  6.00   8.540   8.000 
2pg3/w1/  2.40  17.400  22.300 
2pg3/w1/  3.00  18.630  19.600 
2pg3/w1/  3.50  16.320  14.000 
2pg3/w1/  4.00  13.950  12.600 
2pg3/w1/  4.50  11.630  11.100 
2pg3/w1/  5.00  10.010  10.500 
2pg3/w1/  5.50   8.590   9.800 
2pg3/w1/  6.00   7.580   9.100 
2pg4/w1/  2.21   8.070  15.100 
2pg4/w1/  2.50   8.640  15.200 
2pg4/w1/  3.00   9.230  13.700 
2pg4/w1/  3.50   9.060  11.200 
2pg4/w1/  4.00   8.290   9.900 
2pg4/w1/  4.50   7.090   8.400 
2pg4/w1/  5.00   6.460   7.900 
2pg4/w1/  5.50   5.880   7.400 
2pg4/w1/  6.00   5.390   7.000 
2pg4/w2/  2.21  10.160  16.900 
2pg4/w2/  2.50  11.340  16.900 
2pg4/w2/  3.00  12.250  14.500 
2pg4/w2/  3.50  11.350  11.700 
2pg4/w2/  4.00  10.260  10.400 
2pg4/w2/  4.50   8.460   8.800 
2pg4/w2/  5.00   7.410   8.200 
2pg4/w2/  5.50   6.500   7.700 
2pg4/w2/  6.00   5.750   7.200 
2pgc/w1/  2.53   6.710  12.900 
2pgc/w1/  3.00   8.170  12.000 
2pgc/w1/  3.50   9.020   9.500 
2pgc/w1/  4.00   8.580   8.200 
2pgc/w1/  4.50   7.700   7.100 
2pgc/w1/  5.00   6.640   6.800 
2pgc/w1/  5.50   5.800   6.600 
2pgc/w1/  6.00   5.180   6.300 
2pgc/w2/  2.60   6.260  12.800 
2pgc/w2/  3.00   7.400  11.800 
2pgc/w2/  3.50   8.530   9.400 
2pgc/w2/  4.00   8.170   8.100 
2pgc/w2/  4.50   7.430   7.100 
2pgc/w2/  5.00   6.480   6.800 
2pgc/w2/  5.50   5.730   6.600 
2pgc/w2/  6.00   5.180   6.300 
2pim/w1/  2.20  12.170  14.500 
2pim/w1/  2.50  13.210  14.200 
2pim/w1/  3.00  13.550  12.600 
2pim/w1/  3.50  12.160   9.800 
2pim/w1/  4.00   9.910   8.300 
2pim/w1/  4.50   8.290   7.100 
2pim/w1/  5.00   6.920   6.800 
2pim/w1/  5.50   6.380   6.600 
2pim/w1/  6.00   5.560   6.300 
2pim/w2/  2.20  15.440  14.900 
2pim/w2/  2.50  15.710  14.500 
2pim/w2/  3.00  14.660  12.700 
2pim/w2/  3.50  12.520   9.900 
2pim/w2/  4.00   9.840   8.400 
2pim/w2/  4.50   8.150   7.200 
2pim/w2/  5.00   6.620   6.800 
2pim/w2/  5.50   6.050   6.600 
2pim/w2/  6.00   5.240   6.400 
2pn1/w1/  2.00  10.400  12.100 
2pn1/w1/  2.50  10.900  12.300 
2pn1/w1/  3.00  11.030  11.400 
2pn1/w1/  3.50  11.070   8.900 
2pn1/w1/  4.00  10.200   7.700 
2pn1/w1/  4.50   8.910   6.800 
2pn1/w1/  5.00   7.720   6.500 
2pn1/w1/  5.50   6.900   6.300 
2pn1/w1/  6.00   6.360   6.100 
2pn1/w2/  2.00  14.160  13.000 
2pn1/w2/  2.50  14.470  13.000 
2pn1/w2/  3.00  13.960  12.000 
2pn1/w2/  3.50  12.990   9.500 
2pn1/w2/  4.00  11.740   8.100 
2pn1/w2/  4.50   9.900   7.100 
2pn1/w2/  5.00   8.510   6.700 
2pn1/w2/  5.50   7.330   6.500 
2pn1/w2/  6.00   6.450   6.300 
2pnk/w1/  2.00  10.810  14.200 
2pnk/w1/  2.50  12.720  13.600 
2pnk/w1/  3.00  12.760  12.100 
2pnk/w1/  3.50  11.370   9.300 
2pnk/w1/  4.00   9.670   7.900 
2pnk/w1/  4.50   8.180   6.900 
2pnk/w1/  5.00   7.080   6.700 
2pnk/w1/  5.50   6.270   6.400 
2pnk/w1/  6.00   5.470   6.200 
2pnk/w2/  2.00  11.810  15.300 
2pnk/w2/  2.50  13.100  13.900 
2pnk/w2/  3.00  12.810  12.300 
2pnk/w2/  3.50  11.150   9.500 
2pnk/w2/  4.00   9.320   8.100 
2pnk/w2/  4.50   7.790   7.000 
2pnk/w2/  5.00   6.670   6.700 
2pnk/w2/  5.50   5.850   6.500 
2pnk/w2/  6.00   5.110   6.300 
2ppv/w1/  2.00  10.670  15.900 
2ppv/w1/  2.50  15.170  16.000 
2ppv/w1/  3.00  15.570  13.800 
2ppv/w1/  3.50  14.630  11.100 
2ppv/w1/  4.00  13.190   9.700 
2ppv/w1/  4.50  11.640   8.200 
2ppv/w1/  5.00  10.360   7.700 
2ppv/w1/  5.50   9.030   7.200 
2ppv/w1/  6.00   7.960   6.900 
2ppv/w2/  2.11  10.400  13.200 
2ppv/w2/  2.50  13.470  13.400 
2ppv/w2/  3.00  14.300  12.500 
2ppv/w2/  3.50  14.320  10.100 
2ppv/w2/  4.00  13.600   8.800 
2ppv/w2/  4.50  12.480   7.500 
2ppv/w2/  5.00  10.990   7.200 
2ppv/w2/  5.50   9.620   6.900 
2ppv/w2/  6.00   8.540   6.600 
2pr7/w1/  1.44  22.360  34.500 
2pr7/w1/  2.00  26.990  34.900 
2pr7/w1/  2.50  23.250  26.900 
2pr7/w1/  3.00  18.740  18.000 
2pr7/w1/  3.50  14.840  12.700 
2pr7/w1/  4.00  12.400  11.200 
2pr7/w1/  4.50  10.410   9.600 
2pr7/w1/  5.00   9.140   8.900 
2pr7/w1/  5.50   7.810   8.200 
2pr7/w1/  6.00   6.710   7.600 
2pr7/w2/  1.55  18.220  33.600 
2pr7/w2/  2.00  21.220  35.200 
2pr7/w2/  2.50  18.770  29.200 
2pr7/w2/  3.00  15.200  19.800 
2pr7/w2/  3.50  12.400  13.300 
2pr7/w2/  4.00  10.920  11.800 
2pr7/w2/  4.50   9.350  10.200 
2pr7/w2/  5.00   8.140   9.500 
2pr7/w2/  5.50   7.230   8.800 
2pr7/w2/  6.00   6.450   8.000 
2prv/w1/  1.30  34.220  34.000 
2prv/w1/  2.00  33.910  35.300 
2prv/w1/  2.50  25.620  27.700 
2prv/w1/  3.00  19.810  18.800 
2prv/w1/  3.50  16.880  13.000 
2prv/w1/  4.00  14.260  11.500 
2prv/w1/  4.50  12.100   9.900 
2prv/w1/  5.00  10.430   9.200 
2prv/w1/  5.50   9.120   8.400 
2prv/w1/  6.00   7.990   7.700 
2prv/w2/  1.30  23.950  33.200 
2prv/w2/  2.00  23.910  35.300 
2prv/w2/  2.50  18.160  28.500 
2prv/w2/  3.00  13.740  19.400 
2prv/w2/  3.50  11.130  13.200 
2prv/w2/  4.00   9.180  11.700 
2prv/w2/  4.50   7.860  10.100 
2prv/w2/  5.00   7.060   9.400 
2prv/w2/  5.50   6.310   8.600 
2prv/w2/  6.00   5.500   7.900 
2prv/w3/  1.37  30.860  32.600 
2prv/w3/  2.00  32.480  34.200 
2prv/w3/  2.50  26.000  32.000 
2prv/w3/  3.00  20.260  22.300 
2prv/w3/  3.50  16.790  14.100 
2prv/w3/  4.00  14.420  12.400 
2prv/w3/  4.50  12.210  10.900 
2prv/w3/  5.00  10.670  10.300 
2prv/w3/  5.50   9.440   9.500 
2prv/w3/  6.00   8.260   8.600 
2pv4/w1/  1.95  18.160  19.100 
2pv4/w1/  2.50  18.920  17.900 
2pv4/w1/  3.00  15.540  14.000 
2pv4/w1/  3.50  12.840  11.000 
2pv4/w1/  4.00  10.210   9.300 
2pv4/w1/  4.50   8.070   7.800 
2pv4/w1/  5.00   6.140   7.400 
2pv4/w1/  5.50   5.340   7.000 
2pv4/w1/  6.00   4.670   6.700 
2pv4/w2/  1.95  22.290  19.300 
2pv4/w2/  2.50  20.390  17.900 
2pv4/w2/  3.00  16.040  14.000 
2pv4/w2/  3.50  12.800  11.000 
2pv4/w2/  4.00   9.940   9.300 
2pv4/w2/  4.50   7.880   7.800 
2pv4/w2/  5.00   6.090   7.400 
2pv4/w2/  5.50   5.180   7.000 
2pv4/w2/  6.00   4.530   6.700 
2pv4/w3/  1.95  23.280  19.300 
2pv4/w3/  2.50  20.900  18.000 
2pv4/w3/  3.00  16.360  14.000 
2pv4/w3/  3.50  12.830  11.000 
2pv4/w3/  4.00   9.900   9.300 
2pv4/w3/  4.50   8.020   7.800 
2pv4/w3/  5.00   6.080   7.400 
2pv4/w3/  5.50   5.250   7.000 
2pv4/w3/  6.00   4.580   6.700 
2pw4/w1/  1.45  25.180  32.800 
2pw4/w1/  2.00  31.670  32.800 
2pw4/w1/  2.50  27.510  34.900 
2pw4/w1/  3.00  22.570  25.700 
2pw4/w1/  3.50  17.810  15.600 
2pw4/w1/  4.00  14.470  13.400 
2pw4/w1/  4.50  11.700  11.900 
2pw4/w1/  5.00   9.820  11.200 
2pw4/w1/  5.50   8.760  10.600 
2pw4/w1/  6.00   7.790   9.800 
2pw4/w2/  1.45  20.460  32.600 
2pw4/w2/  2.00  26.840  32.600 
2pw4/w2/  2.50  24.190  35.200 
2pw4/w2/  3.00  20.290  26.200 
2pw4/w2/  3.50  16.450  15.900 
2pw4/w2/  4.00  13.030  13.600 
2pw4/w2/  4.50  10.720  12.000 
2pw4/w2/  5.00   8.640  11.400 
2pw4/w2/  5.50   7.870  10.700 
2pw4/w2/  6.00   7.120   9.900 
2pw4/w3/  1.45  31.700  32.600 
2pw4/w3/  2.00  37.830  32.600 
2pw4/w3/  2.50  32.110  35.300 
2pw4/w3/  3.00  26.080  26.900 
2pw4/w3/  3.50  20.890  16.300 
2pw4/w3/  4.00  16.840  13.800 
2pw4/w3/  4.50  13.610  12.200 
2pw4/w3/  5.00  11.290  11.600 
2pw4/w3/  5.50   9.990  10.900 
2pw4/w3/  6.00   9.010  10.100 
