# Run 7 XPP V1.2 metrology,
# https://confluence.slac.stanford.edu/download/attachments/107749188/Metrology-XPP-Jan24-2013.xlsx
# Reordered sensors to CXI-CSPAD order.

Quad 0

Sensor  X       Y       Z


1       42275    90276  175     # 19S
2       42516   133822  247
3       63422   133704  222
4       63185    90173  181
5       65577    90123  184     # 19L
6       65784   133662  268
7       86684   133573  217
8       86508    90033  148
9       -4191   114471  261     # 121S
10      -3956   135374  246
11      39575   134885  256
12      39335   113982  222
13      -4530    91087  207     # 121L
14      -4302   111994  243
15      39228   111543  235
16      39008    90643  174
17      19666   137910  288     # 144S
18      19992   181447  337
19      40897   181295  312
20      40577   137754  267
21      -3583   137900  280     # 144L
22      -3566   181437  338
23      17346   181438  331
24      17331   137890  283
25      43108   158185  304     # 132S
26      43233   179081  322
27      86777   178823  284
28      86650   157929  273
29      42835   134870  262     # 132L
30      42934   155774  289
31      86475   155571  253
32      86372   134662  233


Quad 1

Sensor  X       Y       Z
1       86964   118641  218     # 156S
2       86994   139543  220
3      130537   139457  184
4      130500   118559  184
5       87023    95130  168     # 156L
6       86988   116030  189
7      130529   116113  188
8      130571    95209  149
9      110939   142156  232     # 117S
10     110758   185692  277
11     131652   185788  253
12     131851   142253  218
13      87506   142114  244     # 117L
14      87387   185653  259
15     108292   185709  273
16     108418   142171  242
17     134407   140940  204     # 14S
18     134619   161834  235
19     178164   161398  216
20     177941   140486  187
21     134645   164245  244     # 14L
22     134800   185151  240
23     178335   184828  208
24     177872   164109  218
25     154756    94882  133     # 123S
26     154959   138419  194
27     175864   138318  177
28     175658    94793  119
29     131406    94957  -45     # 123L
30     131546   138496   69
31     152443   138433  148
32     152306    94889   64


Quad 2

Sensor  X       Y       Z

1      115466    51050   81     # 136S
2      115266    94589  156
3      136157    94691  141
4      136379    51150   63
5       92163    50938   60     # 136L
6       91870    94478  160
7      112780    94605  157
8      113057    51070   81
9      139026    49658   51     # 114S
10     138984    70548   95
11     182520    70647   89
12     182562    49741   48
13     138001    72973  120     # 114L
14     138936    93870  143
15     182481    94001  133
16     182544    73106  104
17     137402     3560  -37     # 148S
18     137432    47109   47
19     158343    47092   44
20     158298     3545  -34
21     160771     3560  -40     # 148L
22     160761    47100   40
23     181662    47108   39
24     181669     3564  -51
25      91597     5865  -30     # 122S
26      91542    26769   23
27     135078    26873   16
28     135137     5970  -89
29      91597    29371   54     # 122L
30      91600    50272   78
31     135145    50265   51
32     135140    29364   13


Quad 3

Sensor  X       Y       Z

1       47569    45580   90     # 113S
2       47744    66494  129
3       91284    66151  124
4       91119    45238   61
5       47783    68848  153     # 113L
6       47848    89749  164
7       91396    89604  162
8       91334    68706  128
9       46303     -702  -16     # 146S
10      46462    42830   77
11      67357    42756   83
12      67206     -779  -28
13      69793     -774  -33     # 146L
14      70065    42580   47
15      90737    42743   37
16      90702     -798  -56
17        176    23475   57     # 147S
18        417    44379  107
19      43944    43924   79
20      43730    22984   30
21          0        0    0     # 147L
22        145    20903   54
23      43691    20601   26
24      43546     -309  -22
25       2529    46805  113     # 107L (XXX 107S?)
26       2968    90344  177
27      23869    90131  188
28      23448    46602  116
29      25866    46521  111     # 107S (XXX 107L?)
30      26318    90060  190
31      47225    89859  169
32      46773    46311   81
